549,392,4,5,251,53,247,41,156,23,742,37,364,77,1.548476e-03,1.136971e+01,8.193758e+06,3.600501e+08,1.509890e+01,8.563010e+00,
330,679,8,2,386,79,986,12,908,58,816,5,966,87,4.856197e-05,-2.620097e+00,-1.000000e+01,-1.000000e+01,1.092560e+02,3.724360e+01,
487,333,2,9,933,93,493,73,884,69,394,60,810,33,1.998107e-03,3.745437e+01,2.174500e+06,8.718571e+08,-1.757010e+01,-1.214270e+01,
332,798,2,1,372,16,973,16,882,76,386,93,569,32,5.573569e-05,3.600470e+01,1.531474e+05,8.193759e+06,7.893750e+01,5.175030e+01,
582,241,4,6,523,9,516,44,444,20,591,64,162,30,5.067182e-04,1.400538e+01,8.980008e+05,5.265529e+06,3.302090e+01,7.481230e+00,
734,356,2,9,296,79,969,81,347,73,536,82,929,51,6.175115e-04,2.857979e+01,3.383769e+06,4.383833e+08,-2.035310e+01,-1.015360e+01,
784,864,5,5,149,53,392,5,331,31,208,14,100,82,6.934643e-06,-4.885429e+00,-1.000000e+01,-1.000000e+01,1.010820e+02,0.000000e+00,
930,439,4,4,725,42,446,94,457,43,721,85,980,99,3.434042e-05,9.442896e+00,1.531474e+05,3.708470e+05,1.057280e+02,2.312060e+01,
926,468,4,8,242,32,321,20,749,73,793,96,398,50,4.979476e-05,1.010541e+01,2.383152e+05,5.770800e+05,1.203680e+02,2.431280e+01,
793,630,3,4,585,78,625,88,555,82,111,17,376,1,1.962621e-04,2.601639e+01,1.397391e+06,1.984109e+07,6.282140e+01,2.797680e+01,
444,346,8,3,643,32,538,35,810,63,332,29,676,90,9.537694e-04,2.008815e+01,8.980008e+05,2.313778e+08,1.068400e+01,7.768320e+00,
838,646,1,5,890,12,446,26,719,54,814,19,618,73,1.928792e-05,-1.675007e+00,-1.000000e+01,-1.000000e+01,9.418990e+01,8.180740e+01,
286,473,8,5,649,94,492,10,881,17,795,39,279,66,5.777075e-04,1.894841e+01,8.980008e+05,7.476343e+07,6.246910e+01,0.000000e+00,
321,210,3,1,906,34,740,63,492,44,279,66,542,66,2.186171e-03,2.717529e+01,2.174500e+06,9.555189e+07,5.266510e+01,1.005880e+01,
357,513,2,3,656,18,115,25,153,63,539,89,563,51,1.012406e-03,1.755393e+01,5.265528e+06,2.313778e+08,1.944810e+01,1.091100e+01,
372,364,2,5,953,82,125,6,223,99,266,56,897,72,8.046093e-04,2.031415e+01,5.265528e+06,4.383833e+08,-8.932090e+02,1.254020e+02,
706,607,4,8,828,60,981,65,337,18,994,49,700,7,2.447986e-04,2.904643e+01,5.770790e+05,1.163404e+08,1.792620e+01,1.111110e+01,
571,615,8,3,617,64,326,87,382,93,873,15,849,51,8.313026e-04,1.362468e+01,2.174500e+06,8.193759e+06,2.166020e+01,1.014830e+01,
486,694,6,5,777,8,159,14,838,82,145,98,412,92,5.346483e-04,3.080992e+01,2.383152e+05,7.476343e+07,1.090210e+02,4.961390e+01,
672,871,7,9,181,20,990,16,707,21,340,9,188,75,8.595598e-06,2.338528e+00,6.324455e+04,3.338087e+04,1.153960e+02,3.939990e+01,
321,436,2,1,906,34,740,94,459,42,723,85,966,66,1.576671e-03,3.226260e+01,2.174500e+06,1.810388e+08,4.857690e+01,1.198070e+01,
930,209,3,4,725,42,469,62,489,45,276,65,420,99,4.466687e-05,3.466523e+00,2.383152e+05,1.957323e+05,1.034400e+02,3.566990e+01,
717,607,4,8,828,60,373,65,337,18,994,49,891,46,4.091361e-04,3.159976e+01,8.980008e+05,2.313778e+08,6.153490e+00,3.682710e+00,
571,615,8,2,617,63,929,87,382,93,873,14,699,11,4.364820e-04,2.321723e+01,8.980008e+05,1.629576e+07,1.027730e+02,2.315340e+01,
301,676,8,3,602,78,326,85,382,93,862,4,849,51,9.273115e-04,4.278479e+00,3.383769e+06,3.383770e+06,1.307300e+02,3.496580e+01,
599,617,8,1,422,64,986,13,908,58,816,15,966,84,8.432625e-05,9.753823e+00,3.708460e+05,7.375409e+05,1.030100e+02,5.400470e+01,
943,471,6,5,267,8,159,20,848,71,136,98,412,92,1.022504e-04,1.503111e+01,4.064228e+04,1.957323e+05,9.614860e+01,4.643660e+01,
454,690,3,8,751,32,321,13,738,83,781,96,398,50,2.121606e-04,2.441178e+01,8.980008e+05,4.804498e+07,-1.796280e+00,8.786840e+02,
326,798,1,8,209,15,334,20,868,73,398,96,398,49,1.529510e-04,3.854703e+01,5.770790e+05,1.810388e+08,3.509700e+01,1.336380e+01,
931,467,4,1,362,32,956,16,762,76,780,93,569,32,3.240803e-05,1.511009e+01,1.531474e+05,5.770800e+05,8.826720e+01,0.000000e+00,
353,210,3,3,913,38,169,63,492,44,279,65,542,66,3.160849e-03,2.936390e+01,2.174500e+06,1.356708e+09,1.002150e+00,-4.694570e+00,
324,513,2,1,614,15,689,25,153,63,539,97,563,51,4.576923e-04,1.504435e+01,5.265528e+06,1.984109e+07,1.235430e+02,2.001500e+01,
278,570,7,5,828,60,981,64,337,14,773,39,700,7,5.666820e-04,1.049825e+01,1.397391e+06,4.324649e+06,2.732820e+01,1.479290e+01,
713,606,4,7,649,94,461,10,881,17,999,48,279,66,2.248197e-04,2.018247e+01,5.770790e+05,6.729644e+06,-1.714100e+00,-5.257310e+00,
786,798,2,1,583,85,973,16,882,82,109,93,557,32,7.687293e-05,5.737596e+01,2.611746e+04,1.275042e+07,7.620050e+01,5.638650e+01,
338,630,2,4,376,15,625,88,555,82,401,17,387,1,6.606740e-04,5.172410e+00,5.265528e+06,8.193759e+06,6.398150e+01,2.917760e+01,
767,630,2,3,656,20,129,25,564,63,539,89,563,50,1.684023e-04,2.460990e+01,8.980008e+05,1.275042e+07,4.971650e+01,3.221010e+00,
404,512,2,4,585,75,613,88,161,80,111,17,376,2,1.229566e-03,1.774022e+01,8.193758e+06,4.383833e+08,5.440560e+01,2.109470e+01,
821,438,3,4,725,42,446,90,468,42,721,83,980,99,1.665038e-04,1.870864e+01,8.980008e+05,5.265529e+06,7.033440e+00,5.649400e+00,
928,646,1,3,890,12,446,20,707,54,813,19,618,73,4.576587e-06,-8.846031e+00,-1.000000e+01,-1.000000e+01,7.938960e+01,0.000000e+00,
343,436,2,1,897,34,672,94,459,42,698,85,966,66,1.588059e-03,3.298064e+01,2.174500e+06,1.810388e+08,4.256770e+01,1.185810e+01,
793,630,3,4,585,78,625,85,555,81,108,17,376,1,1.936916e-04,2.597187e+01,1.397391e+06,1.984109e+07,6.266450e+01,2.822490e+01,
793,623,6,4,583,78,625,17,555,80,111,99,377,1,9.055967e-05,1.677149e+01,3.708460e+05,2.174501e+06,9.705450e+01,2.794110e+01,
486,694,2,4,817,8,159,84,838,82,113,13,410,92,3.056278e-04,1.315446e+01,2.174500e+06,6.729644e+06,1.075130e+02,1.454350e+01,
404,754,2,1,585,75,969,87,876,80,109,12,371,2,1.774019e-04,2.059830e+01,2.174500e+06,3.945998e+07,-6.942270e+01,-9.996350e+00,
786,513,2,3,583,85,616,16,166,80,110,95,557,32,2.254645e-04,2.801853e+01,1.397391e+06,7.476343e+07,2.551330e+01,8.418720e+00,
300,436,7,1,906,32,728,97,459,41,723,3,884,66,9.679458e-04,-2.709150e+00,-1.000000e+01,-1.000000e+01,0.000000e+00,5.250510e+01,
320,658,2,2,602,78,326,85,382,97,862,86,812,50,1.300594e-03,5.424892e+01,5.770790e+05,4.383833e+08,1.638740e+01,8.131230e+00,
706,607,4,8,828,60,981,69,375,21,994,49,717,8,2.582646e-04,3.381793e+01,5.770790e+05,1.486896e+08,1.524620e+01,9.284120e+00,
321,216,3,1,906,34,740,63,503,44,279,66,546,66,2.202615e-03,2.754572e+01,2.174500e+06,9.555189e+07,5.318050e+01,1.016620e+01,
706,607,4,7,884,60,981,65,337,18,994,49,700,4,2.123137e-04,1.957460e+01,8.980008e+05,1.047209e+07,3.057720e+01,1.601130e+01,
332,798,2,1,372,16,973,20,882,76,386,93,610,32,6.511663e-05,4.042916e+01,1.531474e+05,1.047209e+07,7.751700e+01,4.797680e+01,
335,616,2,1,599,63,929,87,382,76,378,14,699,11,5.917032e-04,3.538205e+01,2.174500e+06,9.555189e+07,5.553390e+01,3.131070e+01,
567,796,7,1,372,16,973,15,881,92,889,93,569,33,3.489980e-05,2.635605e+01,6.324455e+04,1.397392e+06,8.639790e+01,5.445470e+01,
479,615,7,2,618,63,944,87,150,93,108,14,699,1,4.963172e-04,1.141709e+01,2.174500e+06,7.476343e+07,-7.293890e+01,-9.309930e+00,
559,512,2,4,583,75,522,87,392,80,895,17,375,10,9.240518e-04,2.192032e+01,5.265528e+06,2.313778e+08,1.275500e+01,4.422780e+00,
486,683,6,5,740,8,156,14,853,82,102,98,411,85,7.040048e-04,3.713059e+01,1.531474e+05,2.817168e+08,1.121540e+02,4.924500e+01,
334,524,2,1,614,17,692,25,140,63,539,96,564,51,4.418340e-04,1.505602e+01,5.265528e+06,1.984109e+07,1.248460e+02,2.011190e+01,
820,792,1,1,576,85,334,20,868,84,398,95,398,37,1.148755e-04,4.125202e+01,3.708460e+05,3.945998e+07,5.842770e+01,4.900620e+01,
227,798,1,8,215,15,973,15,881,72,109,96,557,49,1.000286e-04,4.568284e+01,1.531474e+05,3.087499e+07,1.200380e+02,2.958070e+01,
765,615,8,2,618,67,929,88,382,81,836,14,699,11,1.857521e-04,2.077042e+01,5.770790e+05,1.047209e+07,1.188810e+02,2.289960e+01,
786,798,1,1,603,84,973,14,852,93,109,92,557,32,7.243875e-05,5.449610e+01,6.324455e+04,1.984109e+07,6.582950e+01,5.290080e+01,
487,683,6,4,739,8,146,14,872,64,100,98,411,85,8.467232e-04,5.050709e+01,4.064228e+04,3.600501e+08,1.290180e+02,4.938560e+01,
332,524,2,1,614,16,685,25,128,81,575,95,564,51,4.046821e-04,1.151738e+01,5.265528e+06,1.629576e+07,1.232150e+02,2.021310e+01,
316,216,2,1,906,6,740,11,855,44,301,65,542,84,5.177579e-04,1.614619e+01,1.397391e+06,6.729644e+06,9.968410e+01,5.749360e+01,
486,713,6,5,740,35,156,65,489,80,105,98,426,66,1.082933e-03,2.284510e+01,1.397391e+06,6.821740e+08,2.011080e+00,7.728390e+02,
787,210,3,1,906,33,740,63,492,82,279,14,552,1,9.717646e-05,3.633031e+01,3.708460e+05,1.984109e+07,6.727730e+01,1.530790e+01,
326,630,3,4,585,78,625,87,555,43,111,67,356,68,1.802593e-03,2.985794e+01,3.383769e+06,1.651877e+09,-2.536560e+00,-2.035730e+00,
475,694,5,1,419,8,177,4,841,73,145,98,412,92,2.545162e-04,2.666778e+01,2.383152e+05,4.324649e+06,1.016610e+02,5.171060e+01,
342,797,1,4,788,20,950,16,878,81,386,93,569,31,5.773618e-05,3.798722e+01,2.383152e+05,1.629576e+07,8.773520e+01,4.436830e+01,
333,778,1,1,372,16,941,14,881,75,386,93,610,48,6.420384e-05,2.988613e+01,5.770790e+05,1.275042e+07,7.359020e+01,5.297530e+01,
300,794,1,8,215,15,973,20,881,76,109,96,556,34,9.438456e-05,5.583872e+01,6.324455e+04,7.476343e+07,1.106760e+02,2.720460e+01,
338,643,2,1,612,75,691,25,124,63,105,20,564,1,1.847428e-04,1.789273e+01,3.383769e+06,7.476343e+07,-5.767690e+01,-8.127210e+00,
800,510,3,4,586,17,625,85,557,80,521,92,376,51,1.093596e-04,1.417700e+01,5.770790e+05,2.174501e+06,1.158380e+02,7.851010e+00,
321,619,1,3,376,15,625,25,563,82,398,94,397,1,2.390898e-04,3.636472e+00,5.265528e+06,5.265529e+06,3.008020e+01,1.243940e+01,
836,792,1,1,555,85,334,82,868,84,400,17,387,34,1.260675e-04,2.674419e+01,2.174500e+06,3.945998e+07,3.321330e+01,1.624160e+01,
332,798,2,1,372,15,935,18,882,76,148,93,610,32,7.716017e-05,5.730592e+01,2.611746e+04,1.275042e+07,7.933500e+01,5.395330e+01,
224,798,1,8,182,15,985,13,880,72,347,96,557,49,4.965250e-05,2.521140e+01,5.770790e+05,1.047209e+07,1.151060e+02,2.698000e+01,
385,210,2,1,639,15,689,25,148,63,539,66,572,50,5.282578e-04,7.662262e+00,8.193758e+06,1.275042e+07,1.320210e+02,1.483180e+01,
321,521,2,1,898,34,740,61,507,44,279,93,494,66,1.874059e-03,4.826817e+01,5.770790e+05,8.718571e+08,6.989260e+01,1.348340e+01,
332,796,2,1,402,16,940,19,882,69,396,98,610,32,7.083691e-05,4.432976e+01,9.841624e+04,1.275042e+07,7.833010e+01,4.843290e+01,
333,809,1,1,372,16,973,14,860,75,386,93,649,47,4.661437e-05,3.151285e+01,3.708460e+05,1.047209e+07,7.144580e+01,5.009870e+01,
227,798,1,8,215,15,951,15,990,72,109,96,569,49,1.030558e-04,5.045668e+01,9.841624e+04,3.945998e+07,1.189150e+02,2.984920e+01,
342,797,1,4,788,19,971,16,878,81,386,93,556,31,5.711327e-05,3.739179e+01,2.383152e+05,1.629576e+07,8.794190e+01,4.463580e+01,
320,210,2,7,198,32,981,22,916,81,213,95,552,35,1.716583e-03,3.949750e+01,2.174500e+06,1.356708e+09,-4.110900e+02,-1.406470e+00,
766,794,1,1,921,15,730,60,449,76,123,14,556,1,3.839513e-05,2.306922e+01,8.980008e+05,1.629576e+07,-5.432430e+01,-8.446280e+00,
472,694,6,5,777,8,159,20,838,82,145,98,412,92,6.436004e-04,3.311732e+01,2.383152e+05,1.810388e+08,8.328900e+01,5.258720e+01,
332,806,2,1,372,15,935,19,882,76,148,93,610,32,7.089915e-05,5.779398e+01,1.678342e+04,1.275042e+07,7.831780e+01,5.134160e+01,
804,798,1,1,156,85,985,13,880,94,347,96,557,47,4.195543e-05,2.621756e+01,5.770790e+05,8.193759e+06,6.862540e+01,4.664300e+01,
214,798,1,8,628,12,973,14,852,70,105,91,554,32,7.740643e-05,5.489512e+01,4.064228e+04,2.535804e+07,1.121570e+02,4.065040e+01,
237,798,1,8,182,15,985,12,880,72,347,96,557,49,4.695109e-05,2.478589e+01,5.770790e+05,8.193759e+06,1.133630e+02,2.756540e+01,
333,778,1,1,372,18,941,14,881,75,386,96,610,48,6.577200e-05,3.037638e+01,5.770790e+05,1.275042e+07,7.332430e+01,5.272760e+01,
569,614,8,1,621,15,935,17,335,76,110,93,626,32,2.453427e-04,3.377199e+01,1.531474e+05,6.729644e+06,1.069580e+02,4.331740e+01,
333,798,1,2,367,61,929,87,928,93,873,8,698,11,1.095344e-04,2.664012e+01,2.174500e+06,6.140420e+07,-2.807360e+01,-5.557580e+00,
332,798,2,1,372,16,973,20,864,76,386,93,610,32,6.459013e-05,4.001597e+01,1.531474e+05,1.047209e+07,7.768650e+01,4.791070e+01,
781,644,3,4,585,78,625,87,555,82,111,17,299,1,2.129420e-04,2.680527e+01,1.397391e+06,2.535804e+07,7.265540e+01,2.638600e+01,
346,796,1,4,788,16,950,16,882,81,139,93,569,31,7.678871e-05,5.532521e+01,4.064228e+04,1.984109e+07,9.070890e+01,4.658590e+01,
781,798,2,1,583,88,973,16,877,82,356,93,557,32,5.521416e-05,3.893387e+01,1.531474e+05,8.193759e+06,7.518770e+01,5.361100e+01,
786,864,2,1,583,85,973,16,887,82,109,93,557,32,2.860320e-05,5.580114e+01,1.078512e+04,5.265529e+06,7.161880e+01,2.286300e+01,
300,794,1,8,215,15,973,20,881,81,104,96,556,34,9.431104e-05,5.543801e+01,6.324455e+04,7.476343e+07,1.115820e+02,2.739940e+01,
324,777,1,1,428,16,941,13,881,75,104,93,544,48,1.213130e-04,4.366335e+01,1.531474e+05,1.984109e+07,7.718800e+01,5.724470e+01,
785,798,2,1,583,85,985,16,882,81,397,93,610,32,5.205700e-05,3.889895e+01,1.531474e+05,8.193759e+06,7.406020e+01,4.797500e+01,
313,803,1,8,206,15,973,20,851,70,104,96,556,34,8.484270e-05,5.545944e+01,6.324455e+04,6.140420e+07,1.134830e+02,2.797160e+01,
241,797,1,8,636,12,973,14,881,80,105,91,556,30,7.410247e-05,5.479403e+01,4.064228e+04,2.535804e+07,1.099220e+02,4.080010e+01,
224,798,1,8,182,15,999,13,880,71,370,97,557,32,4.754049e-05,3.012504e+01,3.708460e+05,1.275042e+07,1.089380e+02,2.843170e+01,
300,761,1,7,215,15,973,20,881,81,104,96,555,50,1.712967e-04,4.742413e+01,2.383152e+05,1.810388e+08,8.096770e+01,2.448780e+01,
487,683,6,3,788,8,960,19,881,77,100,95,446,85,3.499259e-04,3.020092e+01,1.531474e+05,4.324649e+06,1.269060e+02,4.417810e+01,
300,794,1,7,134,14,127,17,859,63,109,98,552,34,1.892276e-04,1.373210e+01,5.265528e+06,3.087499e+07,3.312760e+01,1.948510e+01,
285,809,1,1,599,21,973,14,859,76,386,93,645,31,4.624528e-05,3.937489e+01,1.531474e+05,1.275042e+07,6.713720e+01,3.346160e+01,
792,797,1,1,375,78,969,14,852,91,109,91,560,52,8.627855e-05,4.035218e+01,2.383152e+05,1.629576e+07,7.111130e+01,6.015250e+01,
332,805,2,1,372,15,947,18,882,76,148,93,610,32,7.000850e-05,5.707220e+01,1.678342e+04,1.275042e+07,7.864280e+01,5.236130e+01,
332,798,2,1,393,16,937,20,882,74,386,93,610,32,6.796726e-05,4.215505e+01,9.841624e+04,1.275042e+07,7.760800e+01,4.791390e+01,
300,794,1,8,215,15,966,20,881,76,107,96,556,34,9.485596e-05,5.578336e+01,6.324455e+04,7.476343e+07,1.103890e+02,2.721730e+01,
433,797,1,3,788,19,950,16,878,81,386,93,531,26,5.709296e-05,4.071732e+01,1.531474e+05,1.629576e+07,8.008370e+01,4.769550e+01,
229,784,1,8,786,18,994,12,877,80,386,92,579,49,5.329329e-05,2.851147e+01,3.708460e+05,8.193759e+06,1.134480e+02,3.733490e+01,
344,796,1,4,183,9,971,16,880,69,346,96,556,31,6.117552e-05,3.594300e+01,3.708460e+05,1.629576e+07,9.111570e+01,3.538270e+01,
332,798,2,1,372,15,935,19,868,76,148,93,652,32,7.601846e-05,5.842329e+01,1.678342e+04,1.275042e+07,7.859290e+01,5.206040e+01,
332,806,2,1,372,11,935,19,882,75,148,93,610,32,7.098759e-05,5.757618e+01,1.678342e+04,1.275042e+07,7.904780e+01,5.173520e+01,
332,743,2,1,372,15,935,18,903,76,148,93,610,32,1.455912e-04,5.775768e+01,4.064228e+04,1.984109e+07,8.542770e+01,5.151700e+01,
326,809,1,1,372,16,973,14,860,75,386,93,649,47,4.657046e-05,3.145318e+01,3.708460e+05,1.047209e+07,7.145360e+01,5.008980e+01,
354,808,1,1,190,16,972,16,877,74,362,96,556,26,4.959497e-05,3.942555e+01,2.383152e+05,1.629576e+07,6.510990e+01,3.145320e+01,
323,796,1,3,364,8,971,14,891,69,386,93,649,46,5.655006e-05,3.192316e+01,3.708460e+05,1.047209e+07,8.563210e+01,4.198100e+01,
332,806,2,1,372,10,964,19,882,76,148,98,610,32,7.056897e-05,5.740798e+01,1.678342e+04,1.047209e+07,7.928770e+01,5.166300e+01,
332,800,2,1,372,15,947,19,882,70,148,93,597,31,7.669681e-05,5.856367e+01,1.678342e+04,1.275042e+07,7.930320e+01,5.313510e+01,
332,802,2,1,372,12,935,19,882,75,176,93,610,32,7.395315e-05,5.707006e+01,2.611746e+04,1.275042e+07,7.927300e+01,5.273580e+01,
433,797,1,3,788,18,950,16,878,88,386,93,531,26,5.486715e-05,3.913133e+01,2.383152e+05,1.629576e+07,7.962580e+01,4.790440e+01,
260,809,1,1,599,85,973,16,858,82,109,93,638,32,6.302595e-05,5.768072e+01,4.064228e+04,1.984109e+07,6.342270e+01,3.652880e+01,
799,797,1,1,582,21,973,14,882,78,386,88,563,31,4.621339e-05,3.594801e+01,2.383152e+05,1.047209e+07,6.750470e+01,4.366160e+01,
786,798,2,1,583,85,973,10,882,70,399,97,548,32,4.683611e-05,3.692536e+01,9.841624e+04,5.265529e+06,7.799910e+01,5.667820e+01,
224,798,1,8,182,8,998,16,880,79,112,92,541,33,8.020408e-05,5.180006e+01,6.324455e+04,3.087499e+07,1.154130e+02,3.057030e+01,
332,878,2,1,372,15,935,27,868,74,148,93,656,32,2.498282e-05,5.859436e+01,1.078512e+04,6.729644e+06,6.755850e+01,1.635500e+01,
332,798,2,1,393,16,916,16,869,75,386,93,705,27,5.580005e-05,4.740082e+01,6.324455e+04,1.047209e+07,7.485630e+01,3.253930e+01,
284,798,1,1,593,20,934,18,868,76,148,93,645,32,7.508852e-05,5.828442e+01,4.064228e+04,2.535804e+07,6.895360e+01,4.860050e+01,
332,809,1,1,377,15,973,14,858,75,386,93,629,31,4.529169e-05,3.754593e+01,2.383152e+05,1.275042e+07,6.767710e+01,3.400060e+01,
332,743,1,1,367,15,935,15,903,70,143,93,614,32,1.366013e-04,5.625301e+01,6.324455e+04,3.087499e+07,7.575110e+01,5.230490e+01,
224,797,1,8,186,15,997,13,919,76,374,96,552,32,4.662043e-05,2.950430e+01,5.770790e+05,1.275042e+07,1.083930e+02,2.874130e+01,
343,798,2,1,393,16,937,20,882,74,369,93,610,32,6.927984e-05,4.348486e+01,9.841624e+04,1.275042e+07,7.776050e+01,4.846380e+01,
332,809,2,1,372,15,947,18,882,76,148,92,610,32,6.620947e-05,5.692781e+01,1.678342e+04,1.047209e+07,7.824500e+01,5.000600e+01,
326,809,1,1,386,7,972,13,860,75,383,96,649,31,4.542019e-05,3.829833e+01,1.531474e+05,1.047209e+07,7.030680e+01,3.537640e+01,
344,792,1,3,182,16,971,16,879,69,348,92,556,46,6.227774e-05,2.863429e+01,5.770790e+05,1.275042e+07,8.922270e+01,3.569610e+01,
433,796,1,1,787,21,973,25,859,89,386,93,645,31,7.312041e-05,4.559256e+01,1.531474e+05,2.535804e+07,6.304110e+01,3.370020e+01,
284,809,1,3,599,17,949,16,878,74,386,93,531,25,5.156764e-05,4.444767e+01,1.531474e+05,1.629576e+07,7.809540e+01,4.670260e+01,
284,798,1,1,366,20,934,19,882,75,160,93,645,32,7.645367e-05,5.841689e+01,4.064228e+04,2.535804e+07,6.750320e+01,4.539870e+01,
332,806,2,1,589,11,935,16,867,75,106,92,610,32,6.878083e-05,5.677906e+01,1.678342e+04,1.047209e+07,8.032650e+01,5.415010e+01,
368,800,2,1,372,15,947,19,882,70,148,93,597,31,7.657765e-05,5.868661e+01,1.678342e+04,1.275042e+07,7.924970e+01,5.315260e+01,
799,797,1,1,582,21,998,14,882,78,386,88,563,31,4.575328e-05,3.583606e+01,2.383152e+05,1.047209e+07,6.767230e+01,4.373440e+01,
312,798,1,1,466,15,917,7,837,81,100,93,629,30,5.783891e-05,5.060837e+01,4.064228e+04,1.047209e+07,7.362300e+01,5.154320e+01,
791,808,1,1,583,85,973,16,882,75,417,93,557,32,4.909572e-05,3.904058e+01,2.383152e+05,1.629576e+07,6.191500e+01,3.347960e+01,
332,846,1,1,372,11,935,19,882,75,148,93,610,32,3.920226e-05,5.687695e+01,2.611746e+04,1.275042e+07,6.581220e+01,2.590320e+01,
332,809,1,1,384,15,973,14,809,75,386,91,629,30,4.336569e-05,3.685462e+01,2.383152e+05,1.275042e+07,6.781960e+01,3.237150e+01,
433,797,1,3,374,20,950,14,901,81,386,93,531,26,5.051062e-05,3.748920e+01,2.383152e+05,1.629576e+07,7.921290e+01,4.390260e+01,
326,809,1,1,785,15,973,15,860,75,412,93,649,47,5.057315e-05,3.330329e+01,2.383152e+05,1.047209e+07,7.246850e+01,5.229880e+01,
786,798,2,1,583,84,973,18,882,82,131,93,557,32,7.776493e-05,5.749110e+01,2.611746e+04,1.275042e+07,7.583200e+01,5.674130e+01,
332,806,2,1,375,15,934,16,882,76,104,93,610,32,6.905098e-05,5.687371e+01,1.678342e+04,1.047209e+07,7.872570e+01,5.146510e+01,
332,809,2,1,372,15,947,17,863,76,148,92,587,33,6.716874e-05,5.530016e+01,2.611746e+04,1.047209e+07,7.927990e+01,5.376340e+01,
332,799,2,1,372,15,947,19,882,69,148,92,596,30,7.634278e-05,5.887586e+01,1.678342e+04,1.275042e+07,7.913420e+01,5.268540e+01,
229,798,2,1,594,82,915,16,842,82,386,93,705,31,5.405086e-05,4.003917e+01,1.531474e+05,1.047209e+07,7.243350e+01,3.722630e+01,
260,778,1,1,397,18,972,16,858,74,109,93,638,27,8.491068e-05,5.775527e+01,4.064228e+04,2.535804e+07,6.953770e+01,5.018820e+01,
799,797,1,1,582,22,973,14,882,78,366,88,544,35,4.823993e-05,3.461343e+01,2.383152e+05,1.047209e+07,6.900580e+01,5.491610e+01,
332,743,2,1,372,15,935,17,903,76,148,93,610,32,1.418450e-04,5.665758e+01,4.064228e+04,1.984109e+07,8.528520e+01,5.198780e+01,
332,806,2,1,353,15,935,21,882,76,215,93,610,32,7.212218e-05,5.748772e+01,2.611746e+04,1.275042e+07,7.779420e+01,4.936980e+01,
332,798,1,1,393,16,916,16,869,73,386,93,723,27,5.602830e-05,4.986696e+01,9.841624e+04,1.984109e+07,6.259040e+01,2.682840e+01,
332,808,1,1,619,16,949,16,876,77,386,93,743,27,4.833601e-05,5.209078e+01,6.324455e+04,1.629576e+07,6.274500e+01,2.567680e+01,
284,798,2,3,372,17,930,16,878,73,386,93,531,25,5.739458e-05,4.099769e+01,9.841624e+04,1.047209e+07,9.360980e+01,4.240840e+01,
354,808,1,1,190,16,972,16,877,74,362,96,557,24,4.904551e-05,4.237495e+01,1.531474e+05,1.629576e+07,6.386890e+01,2.863420e+01,
331,837,1,1,372,15,947,19,882,69,148,92,551,30,4.612493e-05,5.753235e+01,2.611746e+04,1.629576e+07,6.664180e+01,2.823880e+01,
332,798,2,1,600,9,947,19,861,69,147,92,596,30,7.716929e-05,5.811620e+01,1.678342e+04,1.047209e+07,8.147710e+01,5.578700e+01,
260,809,1,1,387,90,973,16,884,82,109,93,638,32,6.311177e-05,5.710451e+01,4.064228e+04,1.984109e+07,6.309540e+01,3.435900e+01,
368,800,2,1,372,15,947,18,882,70,148,93,597,31,7.496337e-05,5.814060e+01,1.678342e+04,1.275042e+07,7.941100e+01,5.362370e+01,
332,812,1,1,362,11,947,18,892,75,148,93,610,32,6.377676e-05,5.684247e+01,4.064228e+04,1.984109e+07,6.908400e+01,3.922130e+01,
345,798,2,1,372,15,934,19,868,74,147,93,662,34,7.836025e-05,5.831827e+01,1.678342e+04,1.275042e+07,7.922720e+01,5.319540e+01,
285,798,1,1,366,20,934,19,882,76,181,93,651,32,7.533187e-05,5.795934e+01,4.064228e+04,2.535804e+07,6.716680e+01,4.428890e+01,
260,821,1,1,578,85,973,16,858,82,109,91,638,31,5.206522e-05,5.753487e+01,4.064228e+04,1.984109e+07,6.193860e+01,2.871120e+01,
332,809,1,1,388,12,973,15,809,75,386,90,629,28,4.477405e-05,3.881499e+01,2.383152e+05,1.275042e+07,6.708560e+01,3.051480e+01,
284,797,1,1,593,10,934,17,882,76,148,93,645,32,7.446554e-05,5.675471e+01,4.064228e+04,1.984109e+07,7.192110e+01,5.098850e+01,
332,846,1,1,403,20,934,19,867,74,148,87,610,32,3.893429e-05,5.695983e+01,2.611746e+04,1.629576e+07,6.428640e+01,2.480340e+01,
284,809,1,3,599,17,949,16,878,72,386,93,531,25,5.216285e-05,4.537240e+01,9.841624e+04,1.629576e+07,7.828600e+01,4.665190e+01,
322,786,2,1,372,15,931,18,882,76,148,92,610,32,8.983017e-05,5.735479e+01,2.611746e+04,1.629576e+07,8.060970e+01,5.408630e+01,
332,809,1,1,384,15,994,14,820,75,386,91,629,30,4.306187e-05,3.683610e+01,2.383152e+05,1.275042e+07,6.788210e+01,3.265200e+01,
332,809,2,1,372,15,947,18,879,79,148,89,595,32,6.635859e-05,5.595755e+01,2.611746e+04,1.047209e+07,7.830870e+01,5.157860e+01,
331,795,1,1,371,20,927,19,782,75,148,92,646,31,7.759811e-05,5.827373e+01,4.064228e+04,2.535804e+07,6.828940e+01,4.511070e+01,
283,837,1,1,366,15,947,19,882,69,173,92,549,30,4.577773e-05,5.671550e+01,2.611746e+04,1.629576e+07,6.667450e+01,2.850630e+01,
340,846,1,1,338,20,935,19,879,72,148,86,610,32,3.897823e-05,5.698866e+01,2.611746e+04,1.629576e+07,6.408990e+01,2.468280e+01,
332,846,1,1,372,13,920,19,866,76,148,93,610,34,4.078848e-05,5.631310e+01,2.611746e+04,1.275042e+07,6.607850e+01,2.690060e+01,
260,809,1,1,422,79,973,16,858,80,110,93,633,32,6.335216e-05,5.716050e+01,4.064228e+04,1.984109e+07,6.405880e+01,3.550730e+01,
332,845,1,1,534,25,934,18,824,74,146,87,609,32,3.875369e-05,5.645783e+01,2.611746e+04,1.275042e+07,6.510780e+01,2.515490e+01,
368,808,1,1,372,15,943,19,882,70,148,93,597,29,6.624440e-05,5.914786e+01,4.064228e+04,1.984109e+07,6.746210e+01,3.595620e+01,
332,816,1,1,383,18,997,13,819,75,386,91,629,30,3.838352e-05,3.685325e+01,2.383152e+05,1.047209e+07,6.765730e+01,3.140090e+01,
332,846,1,1,281,13,946,19,882,74,152,91,595,32,3.939794e-05,5.605324e+01,2.611746e+04,1.275042e+07,6.536140e+01,2.622610e+01,
332,812,2,1,379,15,973,19,882,69,142,85,610,30,6.211696e-05,5.828378e+01,1.678342e+04,1.047209e+07,7.760090e+01,4.036060e+01,
367,800,2,1,633,14,948,15,862,70,369,93,608,27,5.654005e-05,4.592132e+01,6.324455e+04,8.193759e+06,7.859270e+01,4.142600e+01,
332,808,1,1,357,15,947,18,875,77,137,93,743,30,5.836226e-05,5.914449e+01,2.611746e+04,1.984109e+07,6.463130e+01,2.924050e+01,
332,791,1,1,361,15,978,27,881,76,148,93,652,32,9.499379e-05,5.959858e+01,4.064228e+04,3.087499e+07,6.687770e+01,4.580670e+01,
348,833,1,1,372,15,935,20,868,76,148,94,610,32,4.899577e-05,5.786189e+01,2.611746e+04,1.629576e+07,6.540880e+01,2.790100e+01,
332,798,1,1,593,20,934,12,868,76,148,93,645,32,6.496716e-05,5.344953e+01,4.064228e+04,1.629576e+07,7.119320e+01,5.187790e+01,
260,792,1,1,387,90,977,18,883,87,109,92,638,32,8.162120e-05,5.778001e+01,6.324455e+04,3.087499e+07,6.339380e+01,4.707320e+01,
260,829,1,1,578,85,973,16,858,82,109,91,638,31,4.628992e-05,5.737786e+01,2.611746e+04,1.629576e+07,6.133510e+01,2.801330e+01,
260,810,1,1,387,90,973,16,884,82,109,93,638,29,5.854827e-05,5.765083e+01,4.064228e+04,1.984109e+07,6.138290e+01,2.987750e+01,
260,821,1,1,371,10,973,16,858,75,148,91,638,32,5.179016e-05,5.474435e+01,4.064228e+04,1.629576e+07,6.958050e+01,3.343040e+01,
332,806,1,1,578,84,963,19,894,82,108,98,610,25,6.217423e-05,5.881141e+01,4.064228e+04,2.535804e+07,5.746090e+01,2.443390e+01,
283,837,1,1,366,15,944,19,882,69,173,92,549,30,4.583119e-05,5.675154e+01,2.611746e+04,1.629576e+07,6.664640e+01,2.847770e+01,
307,802,2,1,372,12,947,18,882,69,148,91,596,32,7.450361e-05,5.732572e+01,1.678342e+04,1.275042e+07,8.011580e+01,5.431650e+01,
336,808,1,1,357,85,972,18,863,74,132,93,742,30,5.826364e-05,5.985674e+01,4.064228e+04,2.535804e+07,5.891390e+01,2.485820e+01,
258,820,1,1,578,14,947,16,857,82,108,90,638,30,5.213602e-05,5.671185e+01,2.611746e+04,1.629576e+07,6.801730e+01,3.148180e+01,
348,843,1,1,372,15,935,9,868,76,148,94,632,32,3.245625e-05,4.963831e+01,4.064228e+04,8.193759e+06,7.108590e+01,3.305920e+01,
279,798,1,1,593,19,930,20,868,76,113,93,645,36,8.604442e-05,5.843866e+01,4.064228e+04,2.535804e+07,7.013960e+01,5.211450e+01,
370,792,1,1,578,85,945,16,858,69,148,93,597,31,7.964479e-05,5.861083e+01,4.064228e+04,2.535804e+07,6.598370e+01,5.051700e+01,
257,798,2,1,391,13,996,18,882,82,108,91,637,31,7.398196e-05,5.689219e+01,2.611746e+04,1.275042e+07,7.866430e+01,5.270430e+01,
368,810,1,1,372,15,943,19,882,70,148,93,597,23,5.640403e-05,5.981841e+01,2.611746e+04,1.984109e+07,6.341970e+01,2.597320e+01,
368,807,2,1,372,15,947,19,882,70,148,93,597,31,6.970864e-05,5.858697e+01,1.678342e+04,1.275042e+07,7.850550e+01,5.023930e+01,
332,799,1,1,372,15,947,19,882,69,145,92,596,30,7.645979e-05,5.890025e+01,4.064228e+04,2.535804e+07,6.908120e+01,4.621330e+01,
332,846,1,1,281,13,946,19,882,74,152,91,595,32,3.939794e-05,5.605324e+01,2.611746e+04,1.275042e+07,6.536140e+01,2.622610e+01,
260,821,1,1,377,85,951,16,858,81,148,92,638,31,5.080514e-05,5.593645e+01,4.064228e+04,1.984109e+07,6.193510e+01,2.825500e+01,
332,846,1,1,661,11,922,19,882,75,108,91,610,32,4.036181e-05,5.759556e+01,2.611746e+04,1.275042e+07,6.715350e+01,2.585040e+01,
332,815,1,1,383,18,999,9,819,75,386,91,629,29,3.241701e-05,3.477216e+01,1.531474e+05,8.193759e+06,7.028050e+01,3.439310e+01,
332,834,1,1,372,11,934,19,882,75,148,93,610,32,4.739621e-05,5.714407e+01,2.611746e+04,1.629576e+07,6.677450e+01,2.879670e+01,
332,816,1,1,383,18,997,13,868,75,386,91,629,30,3.931360e-05,3.770689e+01,1.531474e+05,1.047209e+07,6.716370e+01,3.169700e+01,
366,844,1,1,537,25,934,18,824,74,146,86,609,30,3.777551e-05,5.712135e+01,2.611746e+04,1.275042e+07,6.414490e+01,2.378650e+01,
332,791,1,1,374,15,978,26,873,76,148,90,652,32,9.307462e-05,5.984373e+01,4.064228e+04,3.087499e+07,6.732480e+01,4.667690e+01,
368,779,1,1,371,15,943,19,880,70,148,93,597,29,9.616710e-05,5.943897e+01,4.064228e+04,3.087499e+07,7.058680e+01,5.096690e+01,
348,833,1,1,372,15,935,20,868,76,148,94,610,32,4.899577e-05,5.786189e+01,2.611746e+04,1.629576e+07,6.540880e+01,2.790100e+01,
366,844,1,1,537,25,934,18,824,74,146,86,609,30,3.777551e-05,5.712135e+01,2.611746e+04,1.275042e+07,6.414490e+01,2.378650e+01,
366,844,1,1,537,25,934,18,824,74,146,86,609,30,3.777551e-05,5.712135e+01,2.611746e+04,1.275042e+07,6.414490e+01,2.378650e+01,
332,816,1,1,383,18,997,13,819,75,386,96,629,30,4.018432e-05,3.831590e+01,1.531474e+05,1.047209e+07,6.763550e+01,3.137980e+01,
367,838,1,1,398,18,994,13,879,75,149,91,629,22,2.959427e-05,5.642785e+01,2.611746e+04,1.047209e+07,6.372680e+01,2.276870e+01,
332,795,1,1,372,15,936,18,821,70,376,93,597,30,6.534271e-05,4.118271e+01,2.383152e+05,1.984109e+07,6.749880e+01,3.808080e+01,
324,790,1,1,374,15,943,26,873,70,148,92,599,32,1.011781e-04,5.962779e+01,4.064228e+04,3.087499e+07,6.914310e+01,4.867900e+01,
316,808,1,1,372,15,977,19,881,76,148,97,649,29,6.236098e-05,5.895719e+01,4.064228e+04,1.984109e+07,6.613320e+01,3.275870e+01,
332,807,1,1,360,15,945,27,875,76,111,93,648,30,7.607946e-05,5.280764e+01,9.841624e+04,3.087499e+07,6.319530e+01,3.000880e+01,
332,791,1,1,373,12,979,18,880,76,148,93,746,31,7.300439e-05,5.890393e+01,4.064228e+04,2.535804e+07,6.799390e+01,4.083010e+01,
368,779,1,1,371,17,943,19,868,76,166,92,597,29,9.405100e-05,5.843983e+01,4.064228e+04,3.087499e+07,6.971100e+01,5.058460e+01,
348,833,1,1,371,15,935,20,879,68,148,94,610,32,4.962564e-05,5.885185e+01,2.611746e+04,1.629576e+07,6.596810e+01,2.770440e+01,
258,847,1,1,372,11,935,15,883,75,109,93,610,32,3.668597e-05,5.535491e+01,2.611746e+04,1.047209e+07,6.797040e+01,2.754780e+01,
333,808,1,1,386,92,973,19,882,82,147,93,684,28,5.891916e-05,6.004488e+01,4.064228e+04,2.535804e+07,5.739580e+01,2.502560e+01,
254,830,1,1,498,85,987,16,878,81,148,90,651,31,4.353287e-05,5.600300e+01,4.064228e+04,1.629576e+07,6.117140e+01,2.617910e+01,
332,789,1,1,350,15,978,27,860,76,108,93,638,32,9.971082e-05,5.569735e+01,6.324455e+04,3.087499e+07,6.765180e+01,4.711480e+01,
332,791,1,1,374,15,978,26,873,76,148,69,652,32,9.002177e-05,5.902791e+01,4.064228e+04,3.087499e+07,6.728020e+01,4.915290e+01,
368,779,1,1,349,15,943,18,880,67,148,90,597,29,9.414607e-05,5.908086e+01,4.064228e+04,3.087499e+07,7.100250e+01,5.144580e+01,
368,810,1,1,386,90,989,16,883,82,108,89,637,22,4.886319e-05,5.865761e+01,4.064228e+04,1.984109e+07,5.603110e+01,2.110480e+01,
259,810,1,1,372,16,943,19,882,74,148,93,597,30,6.560663e-05,5.805540e+01,4.064228e+04,1.984109e+07,6.740820e+01,3.700590e+01,
332,800,1,1,374,15,947,19,878,77,137,93,743,30,6.643929e-05,5.949779e+01,4.064228e+04,2.535804e+07,6.503650e+01,3.191820e+01,
331,834,1,1,354,15,947,17,881,69,176,91,551,30,4.569209e-05,5.541993e+01,4.064228e+04,1.629576e+07,6.773560e+01,3.013760e+01,
365,810,1,1,370,15,943,19,881,70,148,93,628,23,5.488530e-05,5.954973e+01,2.611746e+04,1.984109e+07,6.251990e+01,2.464000e+01,
368,779,1,1,372,15,943,19,880,70,148,93,597,29,9.616724e-05,5.944205e+01,4.064228e+04,3.087499e+07,7.059240e+01,5.098150e+01,
368,779,1,1,370,15,943,19,880,70,133,93,597,23,8.462143e-05,5.894636e+01,4.064228e+04,3.087499e+07,6.697720e+01,4.296620e+01,
368,810,1,1,372,15,943,19,855,70,148,93,597,28,6.298545e-05,5.917327e+01,2.611746e+04,1.984109e+07,6.699650e+01,3.290520e+01,
340,846,1,1,320,20,935,14,879,72,148,86,533,32,3.777205e-05,5.222295e+01,4.064228e+04,1.047209e+07,6.869450e+01,3.082800e+01,
367,838,1,1,398,18,994,15,879,76,149,91,623,22,3.131631e-05,5.790142e+01,1.678342e+04,1.275042e+07,6.199770e+01,2.148330e+01,
332,791,1,1,361,14,978,23,880,76,148,93,610,32,9.174893e-05,5.915850e+01,4.064228e+04,3.087499e+07,6.919800e+01,4.924260e+01,
348,833,1,2,371,15,935,24,868,74,148,94,651,32,5.116191e-05,5.968525e+01,2.611746e+04,1.984109e+07,6.927580e+01,4.743020e+01,
332,791,1,1,344,15,978,26,906,75,148,91,652,32,9.354557e-05,5.968644e+01,4.064228e+04,3.087499e+07,6.684670e+01,4.618290e+01,
324,790,1,1,374,15,942,28,873,70,148,93,599,32,1.045993e-04,5.903840e+01,6.324455e+04,3.945998e+07,6.870320e+01,4.786390e+01,
368,796,1,1,372,17,943,19,882,70,148,91,627,29,7.555228e-05,5.965602e+01,4.064228e+04,2.535804e+07,6.758640e+01,4.251130e+01,
367,838,1,1,398,14,994,13,879,75,149,92,598,21,2.961137e-05,5.630673e+01,2.611746e+04,1.047209e+07,6.449310e+01,2.317720e+01,
368,808,1,1,372,15,984,19,923,70,164,93,597,29,6.498112e-05,5.888982e+01,4.064228e+04,1.984109e+07,6.734750e+01,3.656760e+01,
332,791,1,1,374,15,936,26,872,70,148,90,652,31,9.381131e-05,5.906886e+01,4.064228e+04,3.087499e+07,6.697490e+01,4.516410e+01,
324,790,1,1,372,15,943,24,883,70,148,92,599,32,9.785738e-05,5.974438e+01,4.064228e+04,3.087499e+07,6.948190e+01,4.941810e+01,
258,847,1,1,373,11,935,15,873,75,109,93,610,32,3.666075e-05,5.529232e+01,2.611746e+04,1.047209e+07,6.807140e+01,2.749280e+01,
255,830,1,1,408,15,935,14,878,75,148,94,610,35,4.812283e-05,5.303819e+01,4.064228e+04,1.275042e+07,6.997580e+01,3.561000e+01,
350,847,1,1,364,10,935,20,883,67,109,93,610,32,4.062628e-05,5.702950e+01,2.611746e+04,1.275042e+07,6.594930e+01,2.425780e+01,
328,843,1,1,372,24,935,19,879,76,147,93,610,29,3.882132e-05,5.830096e+01,2.611746e+04,1.629576e+07,6.197420e+01,2.283260e+01,
366,833,1,1,559,15,934,18,827,74,146,88,609,32,4.676287e-05,5.646257e+01,2.611746e+04,1.629576e+07,6.785590e+01,2.915200e+01,
331,787,1,1,371,15,982,24,883,69,148,93,655,32,9.544137e-05,5.978232e+01,4.064228e+04,3.087499e+07,6.878400e+01,4.829560e+01,
324,789,1,1,361,14,943,26,891,75,131,92,600,32,1.024553e-04,5.884504e+01,6.324455e+04,3.087499e+07,6.886430e+01,4.883420e+01,
256,795,1,1,372,17,943,19,892,71,148,91,627,29,7.686567e-05,5.913119e+01,4.064228e+04,2.535804e+07,6.769700e+01,4.393220e+01,
369,847,1,1,373,11,935,15,873,75,108,93,593,32,3.718562e-05,5.546519e+01,2.611746e+04,1.047209e+07,6.820160e+01,2.780520e+01,
365,810,1,1,396,14,943,19,900,70,148,85,627,23,5.456396e-05,6.003744e+01,2.611746e+04,1.984109e+07,6.285480e+01,2.504330e+01,
366,844,1,1,537,25,934,18,822,74,146,93,595,30,3.860710e-05,5.742885e+01,2.611746e+04,1.275042e+07,6.451820e+01,2.422510e+01,
324,790,1,1,370,15,936,24,877,71,148,91,600,23,8.122081e-05,5.463274e+01,6.324455e+04,3.087499e+07,6.341190e+01,3.200520e+01,
366,810,1,1,371,16,943,19,899,69,148,93,626,31,6.552335e-05,5.926901e+01,2.611746e+04,1.984109e+07,6.728930e+01,3.578710e+01,
378,788,1,1,398,7,995,15,879,76,148,91,623,31,7.710284e-05,5.383314e+01,4.064228e+04,1.984109e+07,7.336780e+01,5.389140e+01,
332,840,1,1,374,17,976,25,884,76,151,89,652,22,3.710197e-05,5.066064e+01,6.324455e+04,1.629576e+07,5.284850e+01,1.533310e+01,
367,838,1,1,419,18,998,13,879,72,149,91,629,22,2.966010e-05,5.683329e+01,1.678342e+04,1.047209e+07,6.408030e+01,2.273990e+01,
324,790,1,1,374,15,943,26,881,68,148,92,599,32,1.015211e-04,5.949857e+01,4.064228e+04,3.087499e+07,6.925380e+01,4.874270e+01,
367,838,1,2,398,18,994,13,879,74,149,92,635,28,3.443773e-05,5.429667e+01,2.611746e+04,1.047209e+07,7.077440e+01,4.997690e+01,
348,833,1,1,370,16,935,23,868,73,148,88,665,24,4.217900e-05,5.663330e+01,4.064228e+04,1.984109e+07,5.661820e+01,1.764790e+01,
368,810,1,1,399,15,937,19,882,70,171,89,598,23,5.586628e-05,6.037443e+01,2.611746e+04,1.984109e+07,6.348680e+01,2.607760e+01,
367,838,1,1,418,14,994,13,879,74,149,92,595,21,2.973348e-05,5.643526e+01,2.611746e+04,1.047209e+07,6.472940e+01,2.326620e+01,
258,854,1,1,373,11,935,15,882,75,179,93,610,23,2.557261e-05,5.624962e+01,1.678342e+04,1.047209e+07,6.302500e+01,2.114910e+01,
367,810,1,1,372,16,942,19,872,73,122,93,597,31,6.775583e-05,5.842859e+01,4.064228e+04,1.984109e+07,6.786260e+01,3.775390e+01,
367,812,1,1,398,18,919,15,879,83,138,91,623,22,4.723604e-05,5.868464e+01,2.611746e+04,1.629576e+07,6.254020e+01,2.545410e+01,
331,846,1,1,661,11,996,19,881,75,110,91,610,31,3.850381e-05,5.745140e+01,1.678342e+04,1.275042e+07,6.737250e+01,2.588240e+01,
366,833,1,1,398,14,932,13,860,74,147,92,685,21,3.034289e-05,5.849513e+01,1.678342e+04,1.275042e+07,6.223860e+01,2.076090e+01,
367,837,1,2,371,14,990,24,868,74,149,93,599,32,4.896572e-05,5.897296e+01,2.611746e+04,1.984109e+07,7.041710e+01,4.870080e+01,
332,751,1,1,334,22,935,26,873,75,126,90,701,32,1.462523e-04,5.722667e+01,9.841624e+04,4.804498e+07,7.030530e+01,4.716960e+01,
258,915,1,1,373,11,924,15,881,75,174,92,632,22,7.729025e-06,5.507348e+01,6.930448e+03,3.383770e+06,5.870950e+01,1.522430e+01,
271,811,1,1,373,11,935,15,882,70,179,93,609,23,4.975436e-05,5.799428e+01,2.611746e+04,1.629576e+07,6.654520e+01,2.845240e+01,
354,852,1,1,399,18,929,17,882,74,170,89,557,23,2.907886e-05,5.770696e+01,1.678342e+04,1.275042e+07,6.130600e+01,2.055330e+01,
348,833,1,1,372,15,935,20,872,76,148,94,610,32,4.901338e-05,5.789666e+01,2.611746e+04,1.629576e+07,6.539250e+01,2.796230e+01,
378,810,1,1,358,15,943,19,881,72,148,91,628,23,5.462645e-05,5.984132e+01,2.611746e+04,1.984109e+07,6.225070e+01,2.466070e+01,
374,838,1,1,372,17,994,23,879,76,149,91,623,22,3.747331e-05,5.786859e+01,2.611746e+04,1.629576e+07,5.578720e+01,1.714650e+01,
348,833,1,1,391,15,935,20,868,76,148,94,610,32,4.900047e-05,5.792189e+01,2.611746e+04,1.629576e+07,6.551140e+01,2.795430e+01,
367,860,1,1,417,14,934,13,879,74,149,89,595,21,2.108886e-05,5.626778e+01,1.678342e+04,8.193759e+06,6.281920e+01,2.021270e+01,
349,782,1,1,404,13,976,19,882,70,168,93,598,22,7.766800e-05,6.028613e+01,4.064228e+04,2.535804e+07,6.686120e+01,3.808580e+01,
328,842,1,1,372,15,935,19,879,76,147,95,610,31,4.110215e-05,5.754943e+01,2.611746e+04,1.629576e+07,6.461370e+01,2.558940e+01,
332,791,1,1,376,23,977,26,872,76,151,89,652,29,8.816050e-05,6.014292e+01,4.064228e+04,3.945998e+07,6.379040e+01,4.069950e+01,
367,838,1,1,397,14,994,13,879,74,149,92,598,21,2.964496e-05,5.643306e+01,2.611746e+04,1.047209e+07,6.456540e+01,2.313470e+01,
328,833,1,1,372,23,935,19,887,76,147,96,610,29,4.561103e-05,5.875380e+01,2.611746e+04,1.629576e+07,6.285730e+01,2.542520e+01,
348,848,1,1,371,15,936,19,879,74,148,94,595,32,3.852810e-05,5.703472e+01,2.611746e+04,1.275042e+07,6.512950e+01,2.537060e+01,
378,838,1,1,418,15,992,13,879,67,169,92,609,21,2.938542e-05,5.715921e+01,1.678342e+04,1.047209e+07,6.477760e+01,2.259470e+01,
328,833,1,1,300,23,935,19,890,74,147,96,610,29,4.573870e-05,5.853056e+01,2.611746e+04,1.629576e+07,6.272200e+01,2.540670e+01,
328,843,1,1,372,24,910,19,879,77,147,92,610,29,3.911966e-05,5.838147e+01,2.611746e+04,1.629576e+07,6.157030e+01,2.263460e+01,
399,810,1,1,399,15,937,19,882,73,171,89,581,23,5.635115e-05,6.009940e+01,2.611746e+04,1.984109e+07,6.368140e+01,2.727450e+01,
367,838,1,1,398,18,994,13,879,75,149,94,629,22,2.969431e-05,5.666427e+01,2.611746e+04,1.047209e+07,6.372680e+01,2.274720e+01,
268,857,1,1,328,15,935,15,924,68,180,93,611,23,2.456350e-05,5.755143e+01,1.678342e+04,1.047209e+07,6.185560e+01,2.032850e+01,
378,810,1,1,358,10,943,19,881,72,146,91,626,29,6.242980e-05,5.874347e+01,2.611746e+04,1.984109e+07,6.775730e+01,3.350770e+01,
377,810,1,1,358,14,950,19,881,73,148,91,628,31,6.447790e-05,5.838077e+01,4.064228e+04,1.984109e+07,6.747520e+01,3.582930e+01,
367,831,1,1,371,17,990,24,868,72,144,92,599,23,4.479420e-05,5.664659e+01,4.064228e+04,1.984109e+07,5.805380e+01,1.891490e+01,
347,836,1,1,404,15,975,19,882,69,169,93,608,17,3.158226e-05,5.001850e+01,6.324455e+04,1.275042e+07,5.487640e+01,1.546480e+01,
410,783,1,1,418,12,992,13,879,67,167,92,609,20,6.110479e-05,5.876438e+01,2.611746e+04,1.984109e+07,6.864580e+01,3.470670e+01,
378,862,1,1,394,15,937,13,879,61,167,92,609,21,2.032341e-05,5.811348e+01,1.078512e+04,8.193759e+06,6.328360e+01,1.916420e+01,
368,782,1,1,404,13,976,18,882,70,168,92,548,22,7.926523e-05,5.978514e+01,4.064228e+04,2.535804e+07,6.855760e+01,4.456270e+01,
367,838,1,1,398,18,936,13,879,75,149,91,665,22,2.927500e-05,5.768002e+01,1.678342e+04,1.047209e+07,6.216250e+01,2.130680e+01,
367,810,1,1,399,15,994,18,881,70,171,89,598,24,5.455338e-05,5.925329e+01,2.611746e+04,1.984109e+07,6.536710e+01,2.875390e+01,
255,854,1,1,373,11,935,14,882,75,179,94,610,23,2.495188e-05,5.544855e+01,1.678342e+04,1.047209e+07,6.387880e+01,2.187390e+01,
354,852,1,1,399,17,929,19,882,73,247,87,556,23,2.984901e-05,5.734728e+01,2.611746e+04,1.275042e+07,5.977380e+01,1.952170e+01,
366,831,1,1,398,13,933,13,844,76,147,92,751,21,2.961730e-05,5.891662e+01,1.678342e+04,1.275042e+07,6.104670e+01,1.955110e+01,
340,792,1,1,376,23,975,26,872,73,135,86,652,29,8.749390e-05,5.917496e+01,6.324455e+04,3.087499e+07,6.387430e+01,3.995810e+01,
365,881,1,1,372,17,934,19,822,70,147,93,628,23,1.729517e-05,5.881031e+01,1.078512e+04,8.193759e+06,5.628270e+01,1.446610e+01,
328,784,1,1,369,15,943,19,887,73,147,95,610,27,8.592620e-05,5.961202e+01,4.064228e+04,3.087499e+07,6.838580e+01,4.755310e+01,
353,833,1,1,371,15,934,20,882,70,171,89,598,23,4.088780e-05,6.016391e+01,2.611746e+04,1.629576e+07,6.031350e+01,2.036760e+01,
301,809,1,2,398,15,937,24,868,74,148,94,651,32,7.272273e-05,5.968554e+01,4.064228e+04,2.535804e+07,7.430690e+01,4.706520e+01,
241,810,1,1,374,6,943,19,945,75,181,92,597,23,5.595778e-05,5.869727e+01,2.611746e+04,1.984109e+07,6.659690e+01,2.894690e+01,
368,854,1,1,373,15,934,14,882,69,145,98,610,23,2.544884e-05,5.808648e+01,1.678342e+04,1.047209e+07,6.322100e+01,2.084960e+01,
366,831,1,1,397,13,915,13,861,76,147,92,751,21,2.986955e-05,5.919363e+01,1.678342e+04,1.275042e+07,6.063460e+01,1.947550e+01,
264,857,1,1,328,15,935,15,924,68,180,93,611,23,2.456771e-05,5.753559e+01,1.678342e+04,1.047209e+07,6.186110e+01,2.033440e+01,
332,820,1,1,425,23,977,46,872,75,151,83,612,28,7.818505e-05,3.710128e+01,5.770790e+05,3.087499e+07,5.301940e+01,1.899600e+01,
348,833,1,1,377,15,935,33,893,71,148,91,645,32,5.901572e-05,4.934177e+01,9.841624e+04,2.535804e+07,5.892950e+01,2.146220e+01,
399,810,1,1,399,17,960,19,882,73,171,89,581,23,5.580044e-05,6.003865e+01,2.611746e+04,1.984109e+07,6.344240e+01,2.739170e+01,
328,833,1,1,372,30,937,17,887,81,147,96,610,29,4.337978e-05,5.715630e+01,2.611746e+04,1.629576e+07,6.296140e+01,2.646200e+01,
349,830,1,1,392,14,932,7,871,72,147,92,685,21,2.624866e-05,5.185710e+01,2.611746e+04,8.193759e+06,6.910540e+01,2.731770e+01,
365,784,1,1,404,13,976,20,882,74,168,93,606,21,7.458368e-05,6.023488e+01,4.064228e+04,2.535804e+07,6.481390e+01,3.258660e+01,
352,810,1,1,405,13,978,19,898,70,136,93,597,23,5.590269e-05,5.923376e+01,2.611746e+04,1.984109e+07,6.444980e+01,2.671260e+01,
349,782,1,1,370,14,940,19,882,70,168,93,597,21,7.698390e-05,5.996302e+01,4.064228e+04,3.087499e+07,6.519460e+01,3.448280e+01,
368,807,1,1,399,18,928,18,882,73,170,89,554,23,5.913336e-05,5.946306e+01,2.611746e+04,1.984109e+07,6.457170e+01,2.871310e+01,
353,854,1,1,399,15,937,17,882,70,170,89,627,21,2.516856e-05,5.984582e+01,1.678342e+04,1.047209e+07,5.845950e+01,1.723070e+01,
332,791,1,1,376,23,977,26,872,79,162,89,661,29,8.698716e-05,6.056190e+01,4.064228e+04,3.945998e+07,6.327080e+01,3.957630e+01,
253,838,1,1,373,11,935,17,928,75,179,94,610,24,3.590864e-05,5.819779e+01,2.611746e+04,1.275042e+07,6.291010e+01,2.283390e+01,
264,856,1,1,328,18,935,15,924,75,176,92,611,20,2.284900e-05,5.813785e+01,1.678342e+04,1.047209e+07,5.831080e+01,1.814990e+01,
367,838,1,1,397,14,935,12,809,75,152,91,665,15,2.256242e-05,5.940556e+01,1.678342e+04,1.047209e+07,5.757690e+01,1.588640e+01,
328,854,1,1,372,23,935,18,870,74,147,94,610,23,2.781641e-05,5.932187e+01,1.678342e+04,1.275042e+07,5.793370e+01,1.790720e+01,
255,832,1,1,373,11,935,14,882,75,179,95,628,28,3.939810e-05,5.437599e+01,2.611746e+04,1.275042e+07,6.753430e+01,2.879460e+01,
361,785,1,1,323,13,976,14,942,67,168,93,606,17,5.687956e-05,6.005990e+01,2.611746e+04,1.984109e+07,6.372160e+01,2.723400e+01,
267,855,1,1,408,15,935,20,880,74,179,93,611,23,2.836643e-05,5.968784e+01,1.678342e+04,1.275042e+07,5.801750e+01,1.763620e+01,
349,832,1,1,328,11,935,15,879,68,171,91,598,23,3.695682e-05,5.771063e+01,2.611746e+04,1.275042e+07,6.500920e+01,2.385230e+01,
267,857,1,1,371,15,934,20,926,70,179,89,610,23,2.756783e-05,5.968632e+01,1.678342e+04,1.275042e+07,5.758990e+01,1.744260e+01,
255,849,1,1,371,11,937,14,915,74,143,94,610,22,2.682196e-05,5.742898e+01,1.678342e+04,1.047209e+07,6.324190e+01,2.161070e+01,
349,782,1,1,405,12,975,22,889,70,168,95,598,22,8.297127e-05,5.818106e+01,4.064228e+04,3.087499e+07,6.603470e+01,3.679370e+01,
366,781,1,1,404,13,976,20,882,70,168,93,598,27,9.003896e-05,5.984939e+01,4.064228e+04,3.087499e+07,6.982690e+01,4.934590e+01,
347,784,1,1,444,19,976,18,879,74,168,93,606,20,6.940597e-05,6.078519e+01,4.064228e+04,2.535804e+07,6.353720e+01,3.054420e+01,
328,830,1,1,411,27,996,19,887,76,147,96,610,29,4.664590e-05,5.848153e+01,2.611746e+04,1.629576e+07,6.340660e+01,2.646270e+01,
348,833,1,2,371,15,935,24,868,74,148,94,651,32,5.116191e-05,5.968525e+01,2.611746e+04,1.984109e+07,6.927580e+01,4.743020e+01,
317,857,1,1,342,15,935,19,924,67,180,93,611,23,2.705521e-05,5.976162e+01,1.678342e+04,1.275042e+07,5.840210e+01,1.774450e+01,
366,830,1,1,398,12,933,13,844,76,147,92,751,21,3.006431e-05,5.887375e+01,1.678342e+04,1.275042e+07,6.141650e+01,1.978320e+01,
365,807,1,1,397,15,936,19,882,70,158,89,592,23,5.879687e-05,6.024231e+01,2.611746e+04,1.984109e+07,6.398990e+01,2.737800e+01,
368,839,1,1,399,14,932,13,860,74,146,92,683,21,2.769755e-05,5.836690e+01,1.678342e+04,1.047209e+07,6.189480e+01,2.013540e+01,
332,791,1,1,376,23,977,26,824,76,151,89,652,29,8.784301e-05,6.018978e+01,4.064228e+04,3.945998e+07,6.426330e+01,4.041650e+01,
436,810,1,1,399,9,937,19,882,70,171,89,598,23,5.556467e-05,6.004367e+01,2.611746e+04,1.984109e+07,6.559100e+01,2.698890e+01,
359,830,1,1,361,14,916,12,861,67,147,92,738,22,3.082241e-05,5.883148e+01,1.678342e+04,1.275042e+07,6.321180e+01,2.097430e+01,
293,857,1,1,395,13,914,15,919,76,180,93,623,21,2.298772e-05,5.814684e+01,1.678342e+04,1.047209e+07,5.975270e+01,1.878890e+01,
268,851,1,1,328,15,935,15,885,68,180,93,611,23,2.709343e-05,5.737703e+01,1.678342e+04,1.047209e+07,6.252790e+01,2.074350e+01,
354,857,1,1,397,18,929,17,885,74,170,89,557,23,2.673485e-05,5.757882e+01,1.678342e+04,1.047209e+07,6.094490e+01,2.000830e+01,
366,809,1,1,397,14,910,13,900,68,148,84,627,21,4.559380e-05,5.882082e+01,2.611746e+04,1.629576e+07,6.523240e+01,2.634330e+01,
399,831,1,1,395,6,912,18,860,76,147,92,750,21,3.419447e-05,5.447149e+01,4.064228e+04,1.275042e+07,5.967890e+01,1.765210e+01,
353,833,1,1,371,15,934,20,882,70,171,89,598,17,3.465996e-05,4.916345e+01,6.324455e+04,1.629576e+07,5.360660e+01,1.510170e+01,
333,810,1,1,399,15,937,19,872,68,171,89,555,23,5.828055e-05,5.991655e+01,2.611746e+04,1.984109e+07,6.505420e+01,2.838530e+01,
333,791,1,1,402,23,977,26,872,79,162,89,661,29,8.697588e-05,6.068406e+01,4.064228e+04,3.087499e+07,6.339190e+01,3.979250e+01,
372,810,1,1,345,15,936,19,882,70,171,89,598,23,5.588562e-05,6.016877e+01,2.611746e+04,1.984109e+07,6.309420e+01,2.589600e+01,
367,837,1,2,371,8,987,24,868,74,149,93,599,32,4.896299e-05,5.841024e+01,2.611746e+04,1.629576e+07,7.200740e+01,4.871000e+01,
264,857,1,1,337,20,935,15,924,73,180,93,611,23,2.441661e-05,5.701421e+01,1.678342e+04,1.047209e+07,6.063560e+01,2.103430e+01,
348,782,1,1,404,13,933,19,859,73,146,93,598,20,7.506251e-05,5.860154e+01,4.064228e+04,2.535804e+07,6.485300e+01,3.170040e+01,
368,839,1,1,399,14,976,7,882,70,162,92,683,22,2.342934e-05,5.069004e+01,2.611746e+04,6.729644e+06,6.984940e+01,2.773900e+01,
346,830,1,1,444,21,974,12,879,73,168,89,606,20,3.132849e-05,5.622113e+01,2.611746e+04,1.275042e+07,6.387610e+01,2.318140e+01,
366,755,1,1,398,12,934,18,810,76,147,92,751,21,9.000022e-05,5.799660e+01,6.324455e+04,3.087499e+07,6.598630e+01,3.879530e+01,
351,858,1,2,371,15,935,24,868,74,159,94,651,31,3.333895e-05,5.967204e+01,1.678342e+04,1.275042e+07,6.431250e+01,2.966010e+01,
264,799,1,1,368,15,935,15,924,67,180,93,611,23,5.895896e-05,5.916300e+01,2.611746e+04,1.984109e+07,6.629040e+01,3.166980e+01,
366,831,1,1,372,17,934,14,882,69,145,98,756,20,2.996342e-05,5.602150e+01,2.611746e+04,1.275042e+07,5.791850e+01,1.741720e+01,
367,797,1,1,398,11,933,13,844,76,147,92,609,23,5.657674e-05,5.647370e+01,4.064228e+04,1.629576e+07,6.880950e+01,3.416960e+01,
345,862,1,1,442,13,935,18,923,66,179,93,606,23,2.433839e-05,6.017107e+01,1.078512e+04,1.047209e+07,6.017110e+01,1.816970e+01,
265,784,1,1,329,18,976,18,879,74,168,93,610,20,6.944800e-05,5.969610e+01,4.064228e+04,2.535804e+07,6.307300e+01,3.031010e+01,
351,858,1,2,371,15,982,23,868,74,177,94,648,31,3.199693e-05,5.880936e+01,1.678342e+04,1.275042e+07,6.534280e+01,3.094590e+01,
341,881,1,1,328,15,935,15,924,65,161,93,613,23,1.606396e-05,5.806904e+01,1.078512e+04,6.729644e+06,6.075640e+01,1.757340e+01,
366,830,1,1,398,12,933,11,844,76,147,92,751,21,2.821509e-05,5.707087e+01,1.678342e+04,1.047209e+07,6.358080e+01,2.150360e+01,
365,784,1,1,404,13,976,20,882,74,168,93,606,21,7.458368e-05,6.023488e+01,4.064228e+04,2.535804e+07,6.481390e+01,3.258660e+01,
333,862,1,1,442,13,935,18,867,64,180,89,592,23,2.450397e-05,5.950907e+01,1.678342e+04,1.047209e+07,6.125040e+01,1.813970e+01,
333,791,1,1,402,23,977,26,927,79,160,92,661,29,8.762946e-05,6.044783e+01,4.064228e+04,3.087499e+07,6.292870e+01,3.997210e+01,
345,862,1,1,470,13,976,18,923,66,224,96,606,26,2.553305e-05,5.798419e+01,1.678342e+04,1.047209e+07,6.292490e+01,2.071700e+01,
333,784,1,1,442,19,903,19,858,74,168,93,606,19,7.146303e-05,5.901856e+01,4.064228e+04,3.087499e+07,6.138020e+01,2.680910e+01,
347,784,1,1,444,15,976,8,879,74,168,95,606,20,5.145227e-05,5.241972e+01,4.064228e+04,1.275042e+07,7.071100e+01,3.897850e+01,
342,810,1,1,401,15,937,21,882,70,171,89,598,23,5.848930e-05,6.034726e+01,2.611746e+04,2.535804e+07,6.247360e+01,2.515350e+01,
323,810,1,1,399,14,937,18,882,70,171,89,622,27,5.860079e-05,5.892455e+01,2.611746e+04,1.984109e+07,6.639590e+01,3.083240e+01,
368,834,1,1,376,23,977,26,872,78,162,89,661,32,5.006255e-05,6.017098e+01,2.611746e+04,1.984109e+07,5.974980e+01,2.284470e+01,
312,779,1,1,345,23,978,26,882,68,130,89,661,28,1.007047e-04,5.367396e+01,9.841624e+04,3.945998e+07,6.504160e+01,4.519520e+01,
372,791,1,1,375,15,987,18,871,69,171,89,598,23,6.877602e-05,5.988998e+01,4.064228e+04,2.535804e+07,6.649740e+01,3.464070e+01,
333,791,1,1,402,23,977,26,872,83,162,89,663,29,8.643365e-05,6.067812e+01,4.064228e+04,3.087499e+07,6.305670e+01,3.953370e+01,
262,857,1,1,328,15,935,15,924,68,180,93,593,23,2.496898e-05,5.721606e+01,1.678342e+04,1.047209e+07,6.233200e+01,2.081250e+01,
366,832,1,1,398,19,934,13,844,76,147,92,607,21,3.282185e-05,5.714086e+01,2.611746e+04,1.275042e+07,6.322260e+01,2.236160e+01,
264,857,1,1,340,12,966,15,923,73,180,92,754,28,2.415233e-05,5.634483e+01,1.678342e+04,1.047209e+07,6.255050e+01,2.108180e+01,
264,853,1,1,369,17,935,23,924,73,180,94,611,20,2.903080e-05,4.558416e+01,9.841624e+04,1.275042e+07,5.155240e+01,1.424730e+01,
367,860,1,2,348,14,990,15,868,74,149,93,599,32,2.844948e-05,5.315161e+01,2.611746e+04,8.193759e+06,7.053080e+01,3.908510e+01,
368,806,1,1,339,11,970,21,882,70,173,92,598,27,6.657344e-05,5.955918e+01,2.611746e+04,2.535804e+07,6.678100e+01,3.330040e+01,
264,860,1,1,399,15,937,14,923,73,180,88,754,23,2.002342e-05,5.795970e+01,1.678342e+04,8.193759e+06,5.911350e+01,1.781930e+01,
373,857,1,1,340,14,966,15,923,73,176,91,607,22,2.343782e-05,5.711204e+01,1.678342e+04,1.047209e+07,6.134320e+01,2.008910e+01,
255,807,1,1,397,15,935,18,882,70,205,89,746,28,5.640340e-05,5.960310e+01,2.611746e+04,1.984109e+07,6.403850e+01,2.761100e+01,
333,785,1,1,402,15,977,25,918,81,162,86,691,29,8.975303e-05,6.040938e+01,4.064228e+04,3.087499e+07,6.499680e+01,4.314470e+01,
351,863,1,2,371,22,935,24,880,74,159,94,659,31,3.043517e-05,5.987527e+01,1.678342e+04,1.275042e+07,6.196590e+01,2.512360e+01,
264,857,1,1,337,20,933,15,924,73,180,93,611,17,2.059971e-05,5.937464e+01,1.678342e+04,1.047209e+07,5.467570e+01,1.527470e+01,
268,857,1,1,328,15,935,15,945,68,180,90,602,22,2.407458e-05,5.779231e+01,1.678342e+04,1.047209e+07,6.116410e+01,1.987700e+01,
268,860,1,1,372,15,934,15,911,68,155,89,665,23,2.236313e-05,5.857658e+01,1.678342e+04,1.047209e+07,6.053360e+01,1.847100e+01,
332,787,1,1,329,23,977,26,815,81,162,92,578,29,9.730422e-05,5.967454e+01,6.324455e+04,3.945998e+07,6.644790e+01,4.638040e+01,
349,782,1,1,404,13,994,19,865,70,168,93,585,22,7.786594e-05,6.017268e+01,4.064228e+04,2.535804e+07,6.751690e+01,3.963330e+01,
324,791,1,1,402,23,959,26,872,79,163,89,666,29,8.738721e-05,6.061402e+01,4.064228e+04,3.945998e+07,6.308600e+01,3.907880e+01,
365,807,1,1,388,18,955,19,882,70,156,89,592,23,5.837584e-05,6.028520e+01,2.611746e+04,2.535804e+07,6.341540e+01,2.714590e+01,
264,857,1,1,337,15,935,15,924,73,181,93,611,23,2.440197e-05,5.684163e+01,1.678342e+04,1.047209e+07,6.149960e+01,2.057450e+01,
345,862,1,1,442,13,935,18,923,63,179,93,606,23,2.444145e-05,6.031340e+01,1.078512e+04,1.047209e+07,6.045430e+01,1.806760e+01,
332,791,1,1,376,30,977,26,872,79,162,89,661,29,8.703943e-05,6.075164e+01,4.064228e+04,3.945998e+07,6.216960e+01,3.884190e+01,
333,917,1,1,442,13,935,18,923,70,180,89,592,23,8.410647e-06,5.748973e+01,6.930448e+03,4.324649e+06,5.737000e+01,1.457760e+01,
345,862,1,1,404,13,935,18,866,66,179,93,605,23,2.425866e-05,5.963707e+01,1.678342e+04,1.047209e+07,6.046520e+01,1.780340e+01,
351,832,1,2,368,12,935,12,800,71,147,90,637,31,3.983238e-05,5.247862e+01,4.064228e+04,1.047209e+07,7.456390e+01,5.415390e+01,
366,856,1,1,399,15,915,24,859,74,158,92,797,21,2.524735e-05,3.526950e+01,2.383152e+05,1.047209e+07,4.513850e+01,1.054670e+01,
338,807,1,1,345,14,993,15,948,69,158,91,591,22,5.136249e-05,5.883063e+01,2.611746e+04,1.629576e+07,6.561870e+01,2.919000e+01,
365,856,1,1,397,15,936,19,921,78,175,89,607,23,2.705523e-05,5.928055e+01,1.678342e+04,1.275042e+07,5.801460e+01,1.833940e+01,
333,778,1,1,402,22,960,17,872,83,180,89,648,22,7.305694e-05,5.958398e+01,4.064228e+04,3.087499e+07,6.367650e+01,3.548220e+01,
333,868,1,1,442,13,935,26,867,64,145,89,585,29,2.983029e-05,5.725593e+01,2.611746e+04,1.275042e+07,5.988390e+01,1.749110e+01,
371,831,1,1,446,13,909,18,882,70,178,89,606,23,4.029701e-05,6.004825e+01,1.678342e+04,1.629576e+07,6.235500e+01,2.176540e+01,
341,810,1,1,446,8,935,18,877,62,171,93,597,23,5.553609e-05,5.980608e+01,2.611746e+04,1.984109e+07,6.795920e+01,2.760530e+01,
368,810,1,1,404,15,937,19,882,70,171,89,615,20,5.102411e-05,6.015888e+01,2.611746e+04,1.984109e+07,6.031380e+01,2.169650e+01,
353,833,1,1,371,15,934,20,848,79,171,89,598,23,4.030064e-05,5.936194e+01,2.611746e+04,1.629576e+07,5.993240e+01,2.046570e+01,
268,848,1,1,360,15,935,15,945,68,180,90,602,22,2.799163e-05,5.821889e+01,1.678342e+04,1.047209e+07,6.183440e+01,2.090090e+01,
268,860,1,1,372,15,934,15,911,68,155,89,665,20,2.063381e-05,5.901122e+01,1.678342e+04,1.047209e+07,5.783180e+01,1.635220e+01,
268,860,1,1,372,15,934,15,911,68,155,88,665,23,2.233892e-05,5.851026e+01,1.678342e+04,1.047209e+07,6.053280e+01,1.847000e+01,
324,791,1,1,424,19,975,26,872,79,158,89,666,29,8.680764e-05,6.042668e+01,4.064228e+04,3.087499e+07,6.423030e+01,3.996460e+01,
337,791,1,1,376,22,958,26,872,79,162,89,642,29,8.901899e-05,6.054022e+01,4.064228e+04,3.945998e+07,6.380240e+01,4.141220e+01,
324,791,1,1,342,30,977,26,872,80,163,89,666,29,8.662721e-05,6.052609e+01,4.064228e+04,3.945998e+07,6.180650e+01,3.786360e+01,
347,784,1,1,444,19,976,18,879,70,168,93,648,20,6.728177e-05,6.027031e+01,4.064228e+04,2.535804e+07,6.261990e+01,2.757050e+01,
373,861,1,1,340,14,966,15,923,73,205,94,740,22,1.959211e-05,5.874108e+01,1.678342e+04,8.193759e+06,5.771330e+01,1.685840e+01,
342,810,1,1,455,19,976,20,879,74,168,87,600,20,5.174447e-05,6.071692e+01,2.611746e+04,1.984109e+07,5.966650e+01,2.196500e+01,
346,783,1,1,401,15,937,18,881,59,171,92,598,20,7.308279e-05,5.609332e+01,6.324455e+04,2.535804e+07,6.556460e+01,3.118770e+01,
364,835,1,1,397,14,977,16,871,70,158,89,660,23,3.371898e-05,5.908715e+01,1.678342e+04,1.275042e+07,6.245040e+01,2.108740e+01,
332,792,1,1,376,30,935,26,935,78,161,89,700,30,8.711747e-05,6.012444e+01,6.324455e+04,3.945998e+07,6.069930e+01,3.632220e+01,
268,862,1,1,372,18,907,15,878,65,155,89,665,23,2.188367e-05,5.889362e+01,1.678342e+04,1.047209e+07,5.993330e+01,1.746620e+01,
347,781,1,1,444,15,959,17,911,73,168,86,606,15,6.028584e-05,5.744895e+01,4.064228e+04,2.535804e+07,5.948170e+01,2.266720e+01,
373,860,1,1,372,14,968,15,922,66,155,89,666,23,2.200780e-05,5.895414e+01,1.078512e+04,8.193759e+06,6.115900e+01,1.875120e+01,
267,857,1,1,340,14,931,15,911,73,218,94,607,21,2.305808e-05,5.694457e+01,1.678342e+04,1.047209e+07,6.024380e+01,1.934760e+01,
368,810,1,1,399,15,937,19,879,70,171,89,580,23,5.673542e-05,6.020413e+01,2.611746e+04,1.984109e+07,6.403310e+01,2.712540e+01,
345,862,1,1,442,13,935,18,923,66,179,94,606,23,2.436377e-05,6.021007e+01,1.078512e+04,1.047209e+07,6.015360e+01,1.815810e+01,
347,784,1,1,414,19,868,18,878,74,171,93,597,22,7.741786e-05,6.071740e+01,4.064228e+04,3.087499e+07,6.432680e+01,3.536350e+01,
378,810,1,1,399,15,937,19,887,71,167,88,692,20,4.789635e-05,5.704119e+01,4.064228e+04,1.984109e+07,5.771570e+01,1.906650e+01,
349,861,1,1,400,15,930,21,882,70,222,93,598,22,2.565304e-05,6.045879e+01,1.678342e+04,1.275042e+07,5.614180e+01,1.592240e+01,
351,811,1,1,371,22,934,24,888,74,158,89,693,34,7.025192e-05,6.041178e+01,4.064228e+04,2.535804e+07,6.349890e+01,3.195320e+01,
332,791,1,1,376,30,972,26,845,79,163,89,615,27,8.690214e-05,6.067796e+01,4.064228e+04,3.945998e+07,6.231720e+01,3.838840e+01,
336,862,1,1,434,13,935,18,923,63,179,93,606,23,2.445472e-05,6.023674e+01,1.078512e+04,1.047209e+07,6.038970e+01,1.803530e+01,
324,791,1,1,451,23,959,24,872,79,163,89,666,29,8.419969e-05,6.079360e+01,4.064228e+04,3.087499e+07,6.408190e+01,4.052380e+01,
345,862,1,1,442,13,935,20,923,58,192,93,585,23,2.611703e-05,5.749141e+01,1.678342e+04,1.047209e+07,5.992350e+01,1.736340e+01,
334,791,1,1,402,23,977,26,872,79,163,89,662,29,8.688232e-05,6.070988e+01,4.064228e+04,3.087499e+07,6.334660e+01,3.962420e+01,
324,782,1,1,402,23,951,26,872,83,162,89,666,29,9.770371e-05,6.066244e+01,4.064228e+04,3.945998e+07,6.406860e+01,4.502090e+01,
370,791,1,1,376,30,977,25,872,79,183,89,661,29,8.482595e-05,6.108613e+01,4.064228e+04,3.945998e+07,6.234260e+01,3.851030e+01,
268,860,1,1,372,15,934,15,911,68,155,88,663,23,2.237540e-05,5.848620e+01,1.678342e+04,1.047209e+07,6.058140e+01,1.851360e+01,
268,874,1,1,372,13,934,15,911,65,155,89,603,23,1.846598e-05,5.769013e+01,1.078512e+04,8.193759e+06,6.211540e+01,1.861210e+01,
268,856,1,1,328,14,934,15,945,68,180,89,663,22,2.324246e-05,5.863250e+01,1.678342e+04,1.047209e+07,5.979550e+01,1.855920e+01,
268,860,1,1,372,15,934,15,911,59,155,88,665,23,2.261265e-05,5.911250e+01,1.678342e+04,1.047209e+07,6.134590e+01,1.811020e+01,
286,831,1,1,340,14,931,17,911,73,218,94,607,21,3.698054e-05,5.918506e+01,2.611746e+04,1.629576e+07,6.015990e+01,2.000530e+01,
268,856,1,1,373,10,933,15,911,67,155,88,661,23,2.402249e-05,5.844374e+01,1.678342e+04,1.047209e+07,6.230070e+01,1.948040e+01,
267,850,1,1,303,13,931,14,911,73,218,94,578,20,2.515172e-05,5.605075e+01,2.611746e+04,1.047209e+07,6.159380e+01,2.045200e+01,
370,798,1,1,370,30,977,25,904,79,183,89,661,33,8.315753e-05,6.042486e+01,4.064228e+04,3.087499e+07,6.363060e+01,4.226590e+01,
368,810,1,1,399,15,937,19,882,70,171,89,598,23,5.586628e-05,6.037443e+01,2.611746e+04,1.984109e+07,6.348680e+01,2.607760e+01,
268,845,1,1,427,15,934,17,922,68,158,89,662,23,3.031265e-05,5.971250e+01,1.678342e+04,1.275042e+07,5.997090e+01,1.905910e+01,
336,859,1,1,346,13,935,15,911,63,175,93,608,23,2.390263e-05,5.845860e+01,1.678342e+04,1.047209e+07,6.278250e+01,1.993080e+01,
347,807,1,1,444,19,977,18,860,74,170,93,606,20,5.135453e-05,6.062308e+01,2.611746e+04,1.984109e+07,6.125640e+01,2.337140e+01,
345,862,1,1,404,13,925,18,866,66,179,93,605,23,2.436183e-05,5.971667e+01,1.678342e+04,1.047209e+07,6.030780e+01,1.770210e+01,
332,790,1,1,376,29,976,26,872,79,175,89,660,29,8.796318e-05,6.093419e+01,4.064228e+04,3.945998e+07,6.237960e+01,3.958450e+01,
351,811,1,1,339,22,934,24,888,74,158,89,693,34,7.025511e-05,6.023876e+01,4.064228e+04,2.535804e+07,6.333430e+01,3.179520e+01,
345,862,1,1,442,13,935,24,923,63,179,93,574,23,2.831136e-05,4.892419e+01,6.324455e+04,1.275042e+07,5.689770e+01,1.603130e+01,
335,862,1,1,434,11,935,16,923,63,179,93,606,23,2.329897e-05,5.935083e+01,1.078512e+04,8.193759e+06,6.267760e+01,1.946430e+01,
370,810,1,1,375,30,977,25,872,78,183,89,661,14,4.551629e-05,3.351681e+01,5.770790e+05,1.629576e+07,4.014880e+01,1.039330e+01,
341,790,1,1,401,14,932,20,882,70,171,89,598,29,8.493285e-05,5.932266e+01,4.064228e+04,2.535804e+07,6.932310e+01,4.888790e+01,
268,860,1,1,372,15,934,15,911,68,155,88,665,23,2.233892e-05,5.851027e+01,1.678342e+04,1.047209e+07,6.053280e+01,1.847000e+01,
268,860,1,1,374,15,934,15,911,68,155,88,663,23,2.237538e-05,5.849656e+01,1.678342e+04,1.047209e+07,6.062190e+01,1.854260e+01,
347,799,1,1,444,19,965,20,879,74,168,93,606,20,6.037076e-05,6.022075e+01,4.064228e+04,2.535804e+07,6.052790e+01,2.410570e+01,
363,809,1,1,399,15,937,19,882,70,171,89,598,23,5.666187e-05,6.036185e+01,2.611746e+04,1.984109e+07,6.360300e+01,2.636640e+01,
346,807,1,1,442,18,977,18,860,74,169,93,669,20,4.879583e-05,6.053303e+01,2.611746e+04,1.984109e+07,5.953710e+01,2.102560e+01,
379,794,1,1,452,30,978,26,872,78,184,89,604,29,8.690010e-05,6.113878e+01,4.064228e+04,3.087499e+07,6.365830e+01,4.308880e+01,
373,818,1,1,376,15,938,25,871,79,183,87,665,29,5.948974e-05,6.038798e+01,2.611746e+04,2.535804e+07,6.117480e+01,2.500170e+01,
252,858,1,1,371,29,977,15,911,68,144,89,660,21,2.179651e-05,5.882661e+01,1.678342e+04,1.047209e+07,5.753570e+01,1.677010e+01,
368,810,1,1,399,16,938,19,908,69,154,90,598,23,5.638094e-05,6.026147e+01,2.611746e+04,1.984109e+07,6.311460e+01,2.603450e+01,
268,861,1,1,384,14,912,15,884,69,171,88,663,23,2.199803e-05,5.806900e+01,1.678342e+04,1.047209e+07,6.066280e+01,1.829080e+01,
334,860,1,1,372,15,857,23,940,68,115,93,653,23,2.779055e-05,3.375201e+01,2.383152e+05,8.193759e+06,5.125000e+01,1.338930e+01,
263,861,1,1,441,13,946,14,923,63,179,87,606,15,1.746578e-05,5.650595e+01,1.678342e+04,8.193759e+06,5.627060e+01,1.466580e+01,
464,791,1,1,374,30,977,24,872,65,182,89,605,22,7.601834e-05,5.751438e+01,6.324455e+04,3.087499e+07,5.960380e+01,2.629760e+01,
345,862,1,1,439,16,916,18,938,79,179,93,623,29,2.724943e-05,5.690581e+01,1.678342e+04,1.047209e+07,6.160080e+01,2.163980e+01,
345,862,1,1,404,13,935,18,924,66,179,93,605,23,2.436392e-05,6.001891e+01,1.678342e+04,1.047209e+07,5.999530e+01,1.813740e+01,
296,862,1,1,442,13,935,18,864,63,179,93,606,23,2.440237e-05,5.985603e+01,1.678342e+04,1.047209e+07,6.099500e+01,1.778020e+01,
268,860,1,1,372,15,934,15,911,68,162,88,665,23,2.228265e-05,5.840762e+01,1.678342e+04,1.047209e+07,6.055520e+01,1.851820e+01,
345,862,1,1,404,13,925,18,854,66,225,93,605,23,2.408871e-05,5.887035e+01,1.678342e+04,1.047209e+07,6.034410e+01,1.773630e+01,
347,784,1,1,413,19,868,18,871,70,171,93,599,14,6.037799e-05,3.777572e+01,3.708460e+05,1.984109e+07,5.455880e+01,1.804380e+01,
347,786,1,1,444,19,965,18,877,74,170,99,606,21,7.026446e-05,6.075944e+01,4.064228e+04,2.535804e+07,6.412180e+01,3.166230e+01,
347,784,1,1,444,19,976,18,879,74,160,93,612,20,6.918519e-05,6.061280e+01,4.064228e+04,2.535804e+07,6.341220e+01,3.024130e+01,
351,811,1,1,371,22,926,26,888,74,158,89,693,36,7.536493e-05,6.050898e+01,4.064228e+04,3.087499e+07,6.370220e+01,3.432910e+01,
368,790,1,1,399,15,975,19,872,68,175,89,597,23,7.179128e-05,6.042271e+01,4.064228e+04,2.535804e+07,6.632630e+01,3.487860e+01,
329,809,1,1,376,29,937,26,881,78,170,89,660,29,6.989915e-05,6.070851e+01,4.064228e+04,3.087499e+07,5.935070e+01,2.651320e+01,
345,862,1,1,402,13,935,18,866,66,179,93,605,23,2.425879e-05,5.962926e+01,1.678342e+04,1.047209e+07,6.044840e+01,1.779510e+01,
332,790,1,1,376,29,976,26,872,79,175,89,660,29,8.796318e-05,6.093419e+01,4.064228e+04,3.945998e+07,6.237960e+01,3.958450e+01,
379,794,1,1,452,28,975,26,872,73,184,89,603,26,8.284635e-05,6.143484e+01,4.064228e+04,3.087499e+07,6.217830e+01,3.453870e+01,
347,784,1,1,444,20,984,18,879,78,154,93,641,20,6.709120e-05,6.052740e+01,4.064228e+04,2.535804e+07,6.208120e+01,2.812250e+01,
336,862,1,1,434,13,935,18,923,63,179,89,606,20,2.250884e-05,5.806181e+01,1.678342e+04,1.047209e+07,5.761330e+01,1.594840e+01,
345,876,1,1,442,13,935,18,923,72,179,94,624,18,1.615950e-05,5.334923e+01,2.611746e+04,8.193759e+06,5.287530e+01,1.342620e+01,
347,807,1,1,444,19,980,17,860,74,170,93,606,20,5.001622e-05,6.034801e+01,2.611746e+04,1.984109e+07,6.195110e+01,2.395570e+01,
368,804,1,1,399,15,937,19,882,70,171,89,598,23,6.065637e-05,6.042180e+01,2.611746e+04,2.535804e+07,6.413090e+01,2.805600e+01,
268,860,1,1,422,15,934,15,911,59,160,88,665,23,2.257298e-05,5.951735e+01,1.078512e+04,1.047209e+07,6.158560e+01,1.823040e+01,
268,860,1,1,372,15,934,14,911,68,155,89,665,26,2.345781e-05,5.661095e+01,1.678342e+04,8.193759e+06,6.356760e+01,2.119810e+01,
345,790,1,1,376,29,976,27,872,78,178,89,591,29,9.452101e-05,6.082319e+01,4.064228e+04,3.945998e+07,6.420690e+01,4.525030e+01,
305,862,1,1,442,13,935,18,923,66,175,92,661,23,2.330908e-05,5.984831e+01,1.678342e+04,1.047209e+07,5.862490e+01,1.693300e+01,
345,808,1,1,404,13,925,18,854,64,225,93,605,22,5.473605e-05,6.043734e+01,2.611746e+04,1.984109e+07,6.430810e+01,2.519000e+01,
359,864,1,1,399,15,932,18,889,70,171,89,598,23,2.344918e-05,5.917245e+01,1.678342e+04,1.047209e+07,5.940160e+01,1.775590e+01,
269,791,1,1,441,22,969,24,869,79,163,84,666,29,8.347589e-05,6.028571e+01,4.064228e+04,3.087499e+07,6.444390e+01,4.119080e+01,
322,861,1,1,384,14,909,15,884,69,171,91,663,23,2.203779e-05,5.854202e+01,1.678342e+04,1.047209e+07,6.052650e+01,1.819880e+01,
347,807,1,1,442,19,977,18,860,74,170,93,606,20,5.135482e-05,6.061685e+01,2.611746e+04,1.984109e+07,6.121190e+01,2.332390e+01,
379,794,1,1,452,30,978,25,872,78,184,89,604,25,7.900794e-05,6.150809e+01,4.064228e+04,3.087499e+07,6.106560e+01,3.206210e+01,
345,861,1,1,389,2,935,14,909,66,155,94,608,23,2.249281e-05,5.568250e+01,1.078512e+04,6.729644e+06,7.033260e+01,2.366040e+01,
207,860,1,1,374,14,933,18,917,68,178,88,660,23,2.412384e-05,5.921967e+01,1.678342e+04,1.047209e+07,5.820100e+01,1.705420e+01,
347,791,1,1,444,19,977,12,860,74,170,93,606,20,5.363167e-05,5.698112e+01,4.064228e+04,1.984109e+07,6.684750e+01,3.183910e+01,
268,860,1,1,372,16,913,16,911,68,167,88,665,23,2.304412e-05,5.914190e+01,1.678342e+04,1.047209e+07,5.902740e+01,1.758790e+01,
345,820,1,1,442,13,935,17,923,58,169,93,606,22,4.594822e-05,5.900153e+01,2.611746e+04,1.629576e+07,6.431520e+01,2.353280e+01,
347,862,1,1,444,19,977,18,860,77,179,91,621,20,2.143217e-05,5.958465e+01,1.678342e+04,1.047209e+07,5.573760e+01,1.560010e+01,
379,827,1,1,452,28,975,26,872,74,184,89,566,19,4.571138e-05,5.361215e+01,6.324455e+04,1.984109e+07,5.164020e+01,1.545900e+01,
347,784,1,1,444,19,976,18,879,72,168,93,605,26,8.059838e-05,5.956100e+01,4.064228e+04,2.535804e+07,6.814590e+01,4.758700e+01,
336,860,1,1,434,13,935,18,923,61,179,93,607,23,2.537057e-05,6.016331e+01,1.678342e+04,1.047209e+07,6.068510e+01,1.814410e+01,
268,861,1,1,372,14,934,15,911,68,162,88,663,16,1.783939e-05,5.047038e+01,4.064228e+04,8.193759e+06,5.315580e+01,1.344680e+01,
347,794,1,1,442,18,979,25,860,78,169,89,604,20,7.053633e-05,5.745049e+01,6.324455e+04,3.087499e+07,5.886280e+01,2.363190e+01,
378,807,1,1,453,30,978,18,871,74,184,92,606,24,5.647392e-05,5.976857e+01,2.611746e+04,1.984109e+07,6.266470e+01,2.766690e+01,
268,861,1,1,372,22,934,14,911,59,155,92,667,23,2.170386e-05,5.914614e+01,1.078512e+04,8.193759e+06,6.107350e+01,1.818220e+01,
347,805,1,1,444,15,989,17,886,73,144,88,588,20,5.233375e-05,5.987614e+01,2.611746e+04,1.984109e+07,6.360210e+01,2.571660e+01,
334,862,1,1,399,19,934,21,865,66,179,93,605,24,2.659726e-05,6.008815e+01,1.678342e+04,1.275042e+07,5.739940e+01,1.643350e+01,
268,861,1,1,386,14,971,15,884,69,170,88,663,23,2.149641e-05,5.738583e+01,1.678342e+04,8.193759e+06,6.156570e+01,1.890670e+01,
272,849,1,1,385,14,912,15,884,73,171,88,659,16,2.202433e-05,5.771981e+01,1.678342e+04,1.047209e+07,5.366100e+01,1.420580e+01,
347,795,1,1,442,16,976,18,879,68,168,93,606,20,6.082298e-05,6.041890e+01,2.611746e+04,2.535804e+07,6.355470e+01,2.665690e+01,
268,860,1,1,422,12,940,15,922,58,160,88,665,23,2.255988e-05,5.945430e+01,1.078512e+04,8.193759e+06,6.246170e+01,1.863250e+01,
385,904,1,1,441,15,934,18,911,63,179,88,582,23,1.117435e-05,5.901853e+01,6.930448e+03,5.265529e+06,5.834900e+01,1.506890e+01,
347,869,1,1,441,18,977,26,860,74,170,93,606,20,2.273060e-05,4.453751e+01,9.841624e+04,1.047209e+07,4.877060e+01,1.193060e+01,
383,794,1,1,452,25,975,17,781,73,184,89,629,25,6.493314e-05,5.814655e+01,4.064228e+04,2.535804e+07,6.619480e+01,3.340670e+01,
345,862,1,1,402,13,935,18,849,66,179,93,605,23,2.422718e-05,5.949561e+01,1.678342e+04,1.047209e+07,6.060060e+01,1.770550e+01,
347,807,1,1,442,22,977,18,855,74,170,93,606,20,5.135102e-05,6.070547e+01,2.611746e+04,1.984109e+07,6.065820e+01,2.302260e+01,
336,862,1,1,340,13,935,18,923,63,181,93,606,23,2.444947e-05,5.976129e+01,1.678342e+04,1.047209e+07,5.986780e+01,1.786940e+01,
268,859,1,1,422,8,933,15,911,63,156,88,665,23,2.284903e-05,5.887354e+01,1.078512e+04,8.193759e+06,6.347380e+01,1.936240e+01,
379,794,1,1,443,28,963,26,879,73,167,89,573,26,8.583949e-05,6.112986e+01,4.064228e+04,3.087499e+07,6.307410e+01,3.884820e+01,
347,784,1,1,479,18,975,18,871,73,184,89,606,20,6.889324e-05,6.086253e+01,2.611746e+04,2.535804e+07,6.410180e+01,3.074540e+01,
264,784,1,1,444,14,976,18,848,74,215,93,593,19,6.765120e-05,6.007102e+01,4.064228e+04,2.535804e+07,6.449540e+01,3.009510e+01,
350,860,1,1,354,19,934,11,911,57,155,78,729,23,1.890473e-05,5.692018e+01,1.678342e+04,8.193759e+06,6.367870e+01,1.946680e+01,
344,965,1,1,442,13,896,18,923,63,170,93,606,23,2.876764e-06,4.878874e+01,6.930448e+03,1.397392e+06,5.516600e+01,1.177130e+01,
347,805,1,1,444,18,977,12,860,75,178,93,606,20,4.454286e-05,5.631821e+01,2.611746e+04,1.629576e+07,6.592360e+01,2.811780e+01,
347,807,1,1,452,28,974,25,820,71,170,88,603,25,6.719066e-05,6.093373e+01,4.064228e+04,3.087499e+07,6.076850e+01,2.431890e+01,
379,794,1,1,441,18,987,18,872,70,211,93,605,20,6.056499e-05,6.099661e+01,2.611746e+04,2.535804e+07,6.289730e+01,2.662550e+01,
268,860,1,1,372,9,934,18,910,68,178,93,665,23,2.402863e-05,5.931857e+01,1.678342e+04,1.047209e+07,5.966070e+01,1.747180e+01,
342,862,1,1,434,14,934,14,923,62,162,87,663,23,2.107128e-05,5.889887e+01,1.078512e+04,8.193759e+06,6.233130e+01,1.902590e+01,
347,859,1,1,456,15,980,17,859,74,170,90,606,20,2.236538e-05,5.911187e+01,1.678342e+04,1.047209e+07,5.862200e+01,1.700940e+01,
268,807,1,1,372,18,934,15,971,68,162,88,665,20,4.677111e-05,5.984399e+01,2.611746e+04,1.984109e+07,6.074860e+01,2.313290e+01,
268,860,1,1,385,15,912,15,871,69,110,88,663,23,2.296267e-05,5.556687e+01,1.678342e+04,1.047209e+07,6.021660e+01,1.756330e+01,
268,860,1,1,422,9,934,15,911,52,160,88,665,23,2.277760e-05,5.741031e+01,1.678342e+04,8.193759e+06,6.409020e+01,1.866140e+01,
268,793,1,1,407,30,912,15,861,66,171,88,663,23,6.119501e-05,6.016203e+01,2.611746e+04,2.535804e+07,6.376160e+01,2.800890e+01,
379,863,1,1,456,14,921,25,856,78,183,88,619,25,2.806112e-05,6.047903e+01,1.678342e+04,1.275042e+07,5.522690e+01,1.562830e+01,
268,861,1,1,384,14,912,13,884,69,171,88,588,23,2.225813e-05,5.501646e+01,1.678342e+04,8.193759e+06,6.447310e+01,2.159270e+01,
379,792,1,1,452,28,975,26,897,73,184,88,603,25,8.334292e-05,6.128624e+01,4.064228e+04,3.087499e+07,6.140120e+01,3.352870e+01,
268,860,1,1,372,15,934,15,925,68,155,86,665,23,2.231077e-05,5.847245e+01,1.678342e+04,1.047209e+07,6.041920e+01,1.854870e+01,
379,794,1,1,452,30,978,18,872,78,184,90,604,25,6.807982e-05,5.888774e+01,4.064228e+04,2.535804e+07,6.437650e+01,3.563860e+01,
335,876,1,1,493,28,980,25,820,71,170,88,603,25,2.218224e-05,6.037043e+01,1.678342e+04,1.047209e+07,5.367010e+01,1.395960e+01,
268,806,1,1,394,15,934,15,911,59,160,88,665,22,5.049777e-05,5.974675e+01,2.611746e+04,1.984109e+07,6.469470e+01,2.536650e+01,
324,799,1,1,383,28,971,31,820,72,170,94,599,24,8.149328e-05,4.700527e+01,2.383152e+05,3.945998e+07,5.795890e+01,2.692220e+01,
344,861,1,1,452,14,909,15,884,69,171,91,666,23,2.195793e-05,5.886592e+01,1.678342e+04,8.193759e+06,6.075400e+01,1.823750e+01,
336,862,1,1,434,12,935,18,873,63,179,93,605,22,2.377773e-05,6.008600e+01,1.078512e+04,1.047209e+07,6.030050e+01,1.723320e+01,
379,794,1,1,441,18,963,18,921,70,216,93,605,20,6.140255e-05,6.130928e+01,2.611746e+04,2.535804e+07,6.215960e+01,2.674330e+01,
364,807,1,1,444,19,977,17,860,74,113,93,606,20,5.104314e-05,5.717992e+01,4.064228e+04,1.984109e+07,6.170900e+01,2.311600e+01,
347,807,1,1,444,19,985,17,860,74,170,87,606,20,4.955540e-05,5.999442e+01,2.611746e+04,1.984109e+07,6.201170e+01,2.399670e+01,
347,807,1,1,498,19,977,17,860,74,217,93,606,20,4.953454e-05,5.996295e+01,2.611746e+04,1.984109e+07,6.199480e+01,2.400730e+01,
347,807,1,1,448,22,987,18,855,75,170,86,606,20,5.065102e-05,6.036385e+01,2.611746e+04,1.984109e+07,6.075580e+01,2.318290e+01,
268,862,1,1,439,14,894,15,884,69,171,88,649,23,2.203265e-05,5.824441e+01,1.678342e+04,1.047209e+07,6.093940e+01,1.840710e+01,
345,860,1,1,386,13,935,18,888,63,179,93,574,23,2.597352e-05,5.969748e+01,1.678342e+04,1.047209e+07,6.148390e+01,1.876040e+01,
344,807,1,1,451,19,977,24,860,74,204,89,603,25,6.532006e-05,6.083298e+01,2.611746e+04,2.535804e+07,6.222740e+01,2.666770e+01,
381,793,1,1,444,27,978,18,872,78,184,92,606,19,5.955284e-05,6.121841e+01,2.611746e+04,2.535804e+07,5.969170e+01,2.461480e+01,
396,794,1,1,452,28,986,26,872,73,184,92,603,26,8.261233e-05,6.144867e+01,4.064228e+04,3.087499e+07,6.225760e+01,3.441600e+01,
379,813,1,1,441,15,975,18,884,70,211,89,605,20,4.692438e-05,6.059198e+01,2.611746e+04,1.984109e+07,6.156680e+01,2.249150e+01,
345,795,1,1,442,4,935,18,928,66,106,93,633,23,6.630475e-05,4.851684e+01,6.324455e+04,1.629576e+07,7.136730e+01,3.260480e+01,
378,860,1,1,452,30,989,25,762,77,184,89,606,25,2.884163e-05,5.986775e+01,1.678342e+04,1.629576e+07,5.461310e+01,1.552310e+01,
257,908,1,1,442,13,979,17,923,62,179,93,606,23,9.821790e-06,5.854026e+01,6.930448e+03,4.324649e+06,5.987270e+01,1.566130e+01,
400,807,1,1,443,16,836,17,821,74,170,93,606,19,5.171368e-05,6.052167e+01,2.611746e+04,1.984109e+07,6.011350e+01,2.109210e+01,
268,860,1,1,372,15,934,15,913,67,188,87,610,26,2.493839e-05,5.564845e+01,1.678342e+04,1.047209e+07,6.402510e+01,2.194760e+01,
396,793,1,1,452,28,986,26,911,73,183,92,657,22,7.318005e-05,4.820714e+01,1.531474e+05,3.087499e+07,5.641500e+01,2.307090e+01,
322,861,1,1,384,14,909,15,884,69,171,90,663,23,2.201447e-05,5.845559e+01,1.678342e+04,1.047209e+07,6.052840e+01,1.819980e+01,
347,807,1,1,442,16,977,18,855,75,170,93,606,20,5.125144e-05,6.040855e+01,2.611746e+04,1.984109e+07,6.192330e+01,2.367330e+01,
289,857,1,1,434,13,935,18,923,61,111,89,606,23,2.710279e-05,4.750325e+01,6.324455e+04,1.047209e+07,6.064690e+01,1.787580e+01,
268,860,1,1,371,15,934,14,911,68,163,93,665,23,2.179837e-05,5.803562e+01,1.678342e+04,8.193759e+06,6.157450e+01,1.925450e+01,
379,778,1,1,452,27,978,25,872,71,168,87,604,25,9.739657e-05,6.103439e+01,4.064228e+04,3.945998e+07,6.445750e+01,4.568340e+01,
347,807,1,1,480,30,966,25,820,74,185,89,603,25,6.702898e-05,6.128819e+01,4.064228e+04,3.087499e+07,6.017690e+01,2.362000e+01,
244,860,1,1,422,15,935,15,935,59,159,98,626,14,1.737857e-05,3.343857e+01,1.531474e+05,5.265529e+06,5.187820e+01,1.242610e+01,
268,848,1,1,371,14,910,15,884,69,171,88,663,23,2.741040e-05,5.837258e+01,1.678342e+04,1.047209e+07,6.137090e+01,1.960950e+01,
389,794,1,1,441,11,962,18,910,58,216,88,605,20,6.200438e-05,6.057842e+01,2.611746e+04,1.984109e+07,6.560610e+01,2.724810e+01,
257,840,1,1,372,16,934,15,921,70,155,92,665,22,3.039484e-05,5.919088e+01,1.678342e+04,1.275042e+07,6.056880e+01,1.995490e+01,
385,812,1,1,441,22,977,8,855,73,147,88,604,20,3.601007e-05,5.257248e+01,2.611746e+04,1.047209e+07,6.887650e+01,3.020700e+01,
379,807,1,1,441,15,957,18,884,70,214,91,606,20,5.146457e-05,6.085190e+01,2.611746e+04,1.984109e+07,6.190000e+01,2.357210e+01,
396,787,1,1,453,28,987,16,870,72,184,86,602,13,4.980072e-05,5.875017e+01,4.064228e+04,2.535804e+07,5.397140e+01,1.731580e+01,
272,916,1,1,370,15,934,24,912,67,162,91,665,23,9.210147e-06,3.832201e+01,6.324455e+04,4.324649e+06,4.810520e+01,1.044550e+01,
336,814,1,1,423,13,935,18,917,70,119,93,606,23,5.257134e-05,5.675320e+01,4.064228e+04,1.984109e+07,6.380310e+01,2.533370e+01,
379,860,1,1,441,15,975,18,884,62,210,89,604,20,2.272874e-05,6.070507e+01,1.078512e+04,1.047209e+07,5.829980e+01,1.616230e+01,
379,813,1,1,480,13,975,18,823,74,221,89,603,20,4.638859e-05,5.934406e+01,2.611746e+04,1.984109e+07,6.271510e+01,2.258890e+01,
347,807,1,1,440,31,890,24,880,70,178,89,604,23,6.586014e-05,5.724342e+01,6.324455e+04,3.087499e+07,5.721570e+01,2.096520e+01,
268,814,1,1,483,14,894,15,875,69,171,85,602,23,4.852238e-05,5.835839e+01,2.611746e+04,1.629576e+07,6.602530e+01,2.738190e+01,
347,806,1,1,454,30,966,25,811,73,185,89,649,25,6.558988e-05,6.114084e+01,4.064228e+04,3.087499e+07,5.876200e+01,2.289500e+01,
378,794,1,1,452,29,992,24,872,73,177,92,603,24,7.628508e-05,6.127207e+01,4.064228e+04,3.087499e+07,6.141160e+01,3.036260e+01,
426,794,1,1,482,28,983,26,875,78,184,91,604,26,8.191128e-05,6.174412e+01,4.064228e+04,3.087499e+07,6.186740e+01,3.434640e+01,
379,794,1,1,441,18,987,18,872,69,211,93,605,20,6.065226e-05,6.106241e+01,2.611746e+04,2.535804e+07,6.297850e+01,2.657440e+01,
347,807,1,1,442,22,977,18,855,74,170,93,606,20,5.135102e-05,6.070547e+01,2.611746e+04,1.984109e+07,6.065820e+01,2.302260e+01,
335,860,1,1,441,18,963,18,921,70,216,93,605,18,2.152885e-05,6.071180e+01,1.078512e+04,1.047209e+07,5.410740e+01,1.474760e+01,
379,795,1,1,434,13,935,18,923,63,179,93,606,22,6.566190e-05,6.045591e+01,2.611746e+04,2.535804e+07,6.566090e+01,3.057040e+01,
399,860,1,1,372,15,934,25,911,68,143,89,604,24,2.962963e-05,4.797865e+01,6.324455e+04,1.275042e+07,5.455160e+01,1.521820e+01,
259,794,1,1,452,30,978,14,859,78,184,89,664,23,5.582595e-05,5.711739e+01,4.064228e+04,1.984109e+07,6.421490e+01,3.047620e+01,
268,859,1,1,422,15,822,15,883,59,124,88,656,23,2.441797e-05,5.113249e+01,4.064228e+04,1.047209e+07,6.009030e+01,1.688250e+01,
268,911,1,1,384,14,919,15,911,69,159,88,639,23,8.672447e-06,5.663173e+01,6.930448e+03,4.324649e+06,5.893570e+01,1.541750e+01,
379,794,1,1,452,28,986,18,921,70,214,92,603,26,7.037675e-05,5.953837e+01,4.064228e+04,2.535804e+07,6.532490e+01,3.816890e+01,
382,806,1,1,441,18,963,30,871,72,185,92,619,20,6.505605e-05,3.713193e+01,3.708460e+05,2.535804e+07,5.391750e+01,1.787910e+01,
345,862,1,1,442,12,935,18,884,68,179,93,650,23,2.333421e-05,6.011322e+01,1.078512e+04,1.047209e+07,5.936560e+01,1.713610e+01,
268,856,1,1,439,14,899,15,972,63,171,88,604,20,2.370790e-05,5.990370e+01,1.078512e+04,1.047209e+07,5.986110e+01,1.817050e+01,
379,855,1,1,441,15,957,14,899,68,215,91,589,22,2.400533e-05,5.601290e+01,1.678342e+04,8.193759e+06,6.351110e+01,2.122390e+01,
263,808,1,1,436,15,943,16,884,70,169,88,663,20,4.684395e-05,6.014232e+01,2.611746e+04,1.984109e+07,6.174250e+01,2.247930e+01,
381,794,1,1,482,27,983,25,875,78,184,92,604,25,7.907440e-05,6.151576e+01,4.064228e+04,3.087499e+07,6.172000e+01,3.255510e+01,
423,818,1,1,451,29,977,25,872,78,184,93,604,25,5.704465e-05,6.151772e+01,2.611746e+04,2.535804e+07,5.802250e+01,2.247130e+01,
344,862,1,1,442,21,976,18,856,63,192,97,606,21,2.275982e-05,6.053303e+01,1.078512e+04,1.047209e+07,5.804920e+01,1.608540e+01,
347,806,1,1,442,13,935,18,921,74,160,93,606,20,5.334508e-05,6.001094e+01,2.611746e+04,1.984109e+07,6.199470e+01,2.431690e+01,
384,807,1,1,441,15,957,18,882,66,210,88,606,20,5.159925e-05,6.102876e+01,2.611746e+04,1.984109e+07,6.225940e+01,2.334430e+01,
268,792,1,1,372,15,923,15,912,68,158,90,665,17,5.214126e-05,5.514087e+01,6.324455e+04,1.984109e+07,6.004060e+01,2.188120e+01,
396,794,1,1,450,22,986,26,872,73,181,92,603,26,8.260783e-05,6.117505e+01,4.064228e+04,3.087499e+07,6.335390e+01,3.506660e+01,
479,770,1,1,483,28,983,26,875,77,184,91,603,26,1.097538e-04,6.201699e+01,4.064228e+04,3.945998e+07,6.533530e+01,4.785800e+01,
268,808,1,1,384,14,911,15,855,68,145,88,664,21,4.779673e-05,5.928537e+01,2.611746e+04,1.984109e+07,6.333960e+01,2.350420e+01,
347,859,1,1,449,21,994,18,883,74,124,93,590,23,2.565148e-05,5.869137e+01,1.678342e+04,1.047209e+07,5.940130e+01,1.836510e+01,
379,794,1,1,441,20,894,17,921,70,216,92,605,20,6.174117e-05,6.141870e+01,2.611746e+04,2.535804e+07,6.154320e+01,2.639840e+01,
268,862,1,1,439,14,962,15,884,80,191,81,649,22,2.036307e-05,5.519836e+01,1.678342e+04,8.193759e+06,6.029710e+01,1.887400e+01,
268,802,1,1,439,13,894,4,884,69,171,88,649,23,3.802517e-05,4.555484e+01,4.064228e+04,6.729644e+06,7.458390e+01,4.133300e+01,
348,853,1,1,452,28,986,26,872,73,184,92,624,26,3.397626e-05,6.081015e+01,1.678342e+04,1.629576e+07,5.451120e+01,1.639510e+01,
345,862,1,1,443,15,979,18,914,66,212,88,606,22,2.299318e-05,5.931616e+01,1.678342e+04,1.047209e+07,5.951450e+01,1.772180e+01,
379,813,1,1,440,12,930,18,884,72,177,93,604,17,4.421199e-05,5.700605e+01,4.064228e+04,1.984109e+07,5.873830e+01,1.894470e+01,
318,792,1,1,441,18,987,16,871,70,155,93,605,20,6.002283e-05,6.021787e+01,2.611746e+04,1.984109e+07,6.468230e+01,2.662800e+01,
261,861,1,1,422,14,934,17,911,60,215,87,659,23,2.310451e-05,5.986767e+01,1.678342e+04,1.047209e+07,5.992550e+01,1.732630e+01,
324,820,1,1,483,33,983,26,883,77,184,91,603,25,5.666908e-05,6.124193e+01,2.611746e+04,2.535804e+07,5.703010e+01,2.174410e+01,
476,771,1,1,384,14,909,15,875,69,171,89,663,28,8.835055e-05,5.846139e+01,4.064228e+04,2.535804e+07,7.074540e+01,5.169860e+01,
336,862,1,1,434,30,935,17,873,63,179,93,602,22,2.331661e-05,6.031574e+01,1.678342e+04,1.047209e+07,5.791110e+01,1.726370e+01,
469,797,1,1,476,8,982,26,874,76,184,90,605,24,7.505594e-05,6.005705e+01,2.611746e+04,2.535804e+07,6.646530e+01,3.078150e+01,
379,800,1,1,438,28,982,17,878,74,185,91,604,19,5.319418e-05,6.103455e+01,2.611746e+04,2.535804e+07,5.986350e+01,2.353780e+01,
425,794,1,1,484,8,963,26,916,79,182,92,605,25,8.084408e-05,5.986328e+01,4.064228e+04,2.535804e+07,6.694280e+01,3.500440e+01,
276,792,1,1,372,15,985,17,911,68,209,89,608,16,5.399273e-05,5.934411e+01,4.064228e+04,2.535804e+07,5.957320e+01,2.191520e+01,
368,861,1,1,441,18,935,15,872,69,156,93,661,23,2.193710e-05,5.905920e+01,1.678342e+04,8.193759e+06,6.039190e+01,1.805490e+01,
334,862,1,1,442,12,997,18,923,63,111,93,630,16,1.890468e-05,3.245940e+01,1.531474e+05,5.265529e+06,5.240000e+01,1.258340e+01,
384,807,1,1,441,15,957,18,882,66,210,88,606,20,5.159925e-05,6.102876e+01,2.611746e+04,1.984109e+07,6.225940e+01,2.334430e+01,
379,813,1,1,420,15,975,18,861,59,179,88,664,22,4.800708e-05,6.044362e+01,2.611746e+04,1.984109e+07,6.287510e+01,2.196370e+01,
267,860,1,1,442,16,934,15,916,69,208,86,605,20,2.128465e-05,5.792460e+01,1.678342e+04,1.047209e+07,5.959350e+01,1.796720e+01,
365,790,1,1,437,11,934,15,911,67,155,89,665,20,5.813983e-05,6.010927e+01,2.611746e+04,1.984109e+07,6.532240e+01,2.775000e+01,
281,863,1,1,375,14,894,17,921,70,216,92,605,25,2.465062e-05,5.748648e+01,1.678342e+04,1.047209e+07,6.095460e+01,1.971480e+01,
345,866,1,1,442,13,935,18,923,77,183,97,605,27,2.465435e-05,5.721178e+01,1.678342e+04,1.047209e+07,6.184830e+01,2.080270e+01,
374,789,1,1,482,26,980,25,875,63,179,91,635,22,7.752204e-05,4.425408e+01,2.383152e+05,3.087499e+07,5.997950e+01,2.598930e+01,
268,870,1,1,422,21,934,15,911,59,111,88,637,23,1.973269e-05,5.171510e+01,2.611746e+04,8.193759e+06,6.028090e+01,1.691570e+01,
379,794,1,1,452,30,978,24,872,78,184,89,638,25,7.543615e-05,6.155651e+01,4.064228e+04,3.087499e+07,6.040010e+01,2.958350e+01,
268,805,1,1,385,14,948,15,884,78,169,77,663,19,4.491377e-05,5.872354e+01,2.611746e+04,1.984109e+07,6.119120e+01,2.281920e+01,
379,862,1,1,438,11,911,17,884,69,214,92,606,24,2.415327e-05,5.781949e+01,1.678342e+04,1.047209e+07,6.200380e+01,1.935500e+01,
322,861,1,1,384,15,909,15,884,66,170,90,663,23,2.210831e-05,5.893261e+01,1.678342e+04,1.047209e+07,6.055490e+01,1.799210e+01,
384,806,1,1,441,13,957,17,882,68,210,87,616,19,4.896455e-05,6.076517e+01,2.611746e+04,1.984109e+07,6.224730e+01,2.283010e+01,
379,857,1,1,428,15,978,23,872,81,184,85,591,25,2.965634e-05,5.866628e+01,1.678342e+04,1.275042e+07,5.812880e+01,1.834660e+01,
268,796,1,1,464,29,934,15,911,59,144,89,665,22,5.800401e-05,5.923358e+01,4.064228e+04,2.535804e+07,6.343900e+01,2.664750e+01,
268,860,1,1,442,13,934,15,911,59,160,94,665,23,2.270011e-05,5.933101e+01,1.078512e+04,8.193759e+06,6.216560e+01,1.846230e+01,
479,770,1,1,483,28,983,26,875,77,184,86,613,26,1.082167e-04,6.205574e+01,4.064228e+04,3.945998e+07,6.502250e+01,4.810040e+01,
345,862,1,1,442,13,935,18,923,63,179,93,606,23,2.444145e-05,6.031340e+01,1.078512e+04,1.047209e+07,6.045430e+01,1.806760e+01,
379,794,1,1,441,19,963,18,921,70,216,93,605,20,6.141058e-05,6.135718e+01,2.611746e+04,2.535804e+07,6.193320e+01,2.663340e+01,
425,794,1,1,482,28,983,26,877,73,182,91,604,23,7.727172e-05,5.997429e+01,4.064228e+04,3.087499e+07,5.960070e+01,2.732300e+01,
379,794,1,1,441,20,926,17,918,70,217,91,604,20,6.077191e-05,6.125638e+01,2.611746e+04,2.535804e+07,6.197050e+01,2.676290e+01,
357,813,1,1,441,12,975,18,884,70,211,89,605,16,4.173892e-05,5.984370e+01,2.611746e+04,1.984109e+07,5.812390e+01,1.815250e+01,
268,861,1,1,384,14,912,15,884,69,171,88,663,23,2.199803e-05,5.806898e+01,1.678342e+04,1.047209e+07,6.066280e+01,1.829080e+01,
329,795,1,1,442,17,935,18,923,63,179,93,606,25,7.089217e-05,6.079201e+01,2.611746e+04,2.535804e+07,6.679810e+01,3.613700e+01,
379,860,1,1,441,13,987,18,872,69,211,93,605,19,2.182317e-05,6.032010e+01,1.078512e+04,1.047209e+07,5.745440e+01,1.588090e+01,
474,794,1,1,483,27,983,25,875,78,184,91,603,26,8.023118e-05,6.177944e+01,4.064228e+04,3.087499e+07,6.239270e+01,3.463540e+01,
396,746,1,1,482,28,984,26,875,76,184,91,604,26,1.435870e-04,6.157356e+01,6.324455e+04,4.804498e+07,6.917560e+01,4.799140e+01,
268,864,1,1,453,14,969,14,876,69,195,88,663,23,1.976112e-05,5.585734e+01,1.678342e+04,8.193759e+06,6.268730e+01,1.943010e+01,
379,790,1,1,420,37,914,24,884,78,184,88,638,25,8.192763e-05,6.155070e+01,4.064228e+04,3.945998e+07,5.900340e+01,3.063330e+01,
322,861,1,1,384,14,909,15,884,69,171,89,663,23,2.199084e-05,5.836779e+01,1.678342e+04,1.047209e+07,6.052900e+01,1.819980e+01,
381,794,1,1,482,27,983,25,875,76,136,92,604,25,8.012308e-05,5.914556e+01,4.064228e+04,3.087499e+07,6.201290e+01,3.247820e+01,
380,845,1,1,441,14,908,15,884,68,171,93,663,23,2.883906e-05,5.957952e+01,1.678342e+04,1.275042e+07,6.188010e+01,1.993270e+01,
320,888,1,1,383,16,975,18,884,75,200,89,605,19,1.308546e-05,5.866378e+01,1.078512e+04,6.729644e+06,5.391850e+01,1.379920e+01,
322,880,1,1,384,14,917,7,816,67,177,89,663,23,1.241783e-05,4.842388e+01,1.678342e+04,3.383770e+06,7.015400e+01,2.421810e+01,
379,822,1,1,441,15,975,17,884,74,224,89,605,20,3.987520e-05,5.921662e+01,2.611746e+04,1.629576e+07,6.102230e+01,2.140200e+01,
335,896,1,1,422,11,933,14,847,59,160,88,665,22,1.089203e-05,5.828776e+01,6.930448e+03,5.265529e+06,6.153690e+01,1.575720e+01,
268,862,1,1,434,15,935,18,911,63,179,93,605,22,2.394365e-05,5.966375e+01,1.678342e+04,1.047209e+07,5.921870e+01,1.717490e+01,
322,855,1,1,376,15,909,15,884,66,170,90,687,23,2.403714e-05,5.933547e+01,1.678342e+04,1.047209e+07,6.028090e+01,1.807660e+01,
322,861,1,1,319,15,909,15,884,69,171,98,663,23,2.219824e-05,5.877193e+01,1.678342e+04,1.047209e+07,6.002360e+01,1.806390e+01,
377,861,1,1,453,13,818,18,923,65,179,93,606,23,2.608457e-05,5.884425e+01,1.678342e+04,1.047209e+07,5.844400e+01,1.701850e+01,
372,789,1,1,434,20,894,17,921,70,216,91,682,20,6.181883e-05,6.120421e+01,2.611746e+04,2.535804e+07,5.973780e+01,2.411520e+01,
478,862,1,1,459,12,935,17,877,59,162,93,612,24,2.432596e-05,6.037676e+01,1.078512e+04,1.047209e+07,6.289160e+01,1.866810e+01,
345,770,1,1,440,31,983,26,927,77,179,86,606,22,1.011437e-04,5.960681e+01,6.324455e+04,3.945998e+07,6.086410e+01,4.215960e+01,
474,794,1,1,509,26,935,25,875,78,207,91,603,26,8.163846e-05,6.191956e+01,4.064228e+04,3.087499e+07,6.203410e+01,3.389540e+01,
345,862,1,1,464,12,952,14,923,66,179,93,606,23,2.192003e-05,5.706162e+01,1.678342e+04,8.193759e+06,6.423730e+01,2.108860e+01,
379,807,1,1,441,15,957,21,882,66,210,88,606,20,5.538024e-05,6.019395e+01,2.611746e+04,2.535804e+07,6.039070e+01,2.177780e+01,
384,794,1,1,452,30,964,24,872,78,184,89,638,25,7.591028e-05,6.158927e+01,4.064228e+04,3.087499e+07,6.024030e+01,2.944060e+01,
322,861,1,1,384,15,909,15,884,66,170,90,663,17,1.862249e-05,5.384315e+01,2.611746e+04,8.193759e+06,5.423840e+01,1.379130e+01,
456,770,1,1,483,28,983,26,875,74,184,86,613,26,1.088291e-04,6.198415e+01,4.064228e+04,3.945998e+07,6.531300e+01,4.811170e+01,
367,794,1,1,429,20,865,17,871,70,216,92,605,20,6.242902e-05,6.121456e+01,2.611746e+04,2.535804e+07,6.158200e+01,2.569830e+01,
379,794,1,1,458,19,995,17,897,68,211,92,605,20,5.908320e-05,6.097210e+01,2.611746e+04,2.535804e+07,6.340200e+01,2.734440e+01,
337,797,1,1,441,20,894,17,921,70,216,92,605,22,6.266658e-05,6.083543e+01,2.611746e+04,2.535804e+07,6.306670e+01,2.846240e+01,
377,862,1,1,434,12,955,17,873,63,179,93,605,19,2.113982e-05,5.903441e+01,1.678342e+04,1.047209e+07,5.854170e+01,1.582070e+01,
379,794,1,1,441,26,987,18,872,66,206,93,602,26,7.079414e-05,5.975610e+01,4.064228e+04,2.535804e+07,6.644760e+01,3.815980e+01,
474,794,1,1,509,17,935,25,875,69,211,90,605,22,7.526904e-05,5.858819e+01,4.064228e+04,3.087499e+07,6.142200e+01,2.622040e+01,
379,798,1,1,452,30,925,25,872,77,184,89,639,25,7.490731e-05,6.128062e+01,4.064228e+04,3.087499e+07,5.877390e+01,2.655450e+01,
461,770,1,1,483,28,978,24,874,77,184,79,611,26,1.035222e-04,6.135384e+01,4.064228e+04,3.945998e+07,6.567120e+01,4.954610e+01,
383,813,1,1,441,15,975,19,834,69,210,88,607,20,4.782688e-05,6.068206e+01,2.611746e+04,1.984109e+07,6.136030e+01,2.140130e+01,
379,807,1,1,454,15,957,18,882,66,210,88,606,20,5.161167e-05,6.104156e+01,2.611746e+04,1.984109e+07,6.235470e+01,2.338100e+01,
322,861,1,1,384,15,904,15,884,66,170,90,663,23,2.215433e-05,5.898659e+01,1.678342e+04,1.047209e+07,6.047570e+01,1.794080e+01,
297,860,1,1,422,15,958,15,935,59,160,88,665,22,2.178519e-05,5.970256e+01,1.078512e+04,8.193759e+06,6.090070e+01,1.789640e+01,
347,861,1,1,384,14,909,15,884,76,153,89,655,23,2.206583e-05,5.782608e+01,1.678342e+04,1.047209e+07,6.008000e+01,1.848680e+01,
444,719,1,1,483,27,933,25,875,78,172,91,603,26,1.878339e-04,6.139765e+01,6.324455e+04,6.140420e+07,7.341990e+01,4.712540e+01,
322,861,1,1,523,14,908,25,883,69,171,85,663,23,2.735699e-05,4.747692e+01,6.324455e+04,1.275042e+07,5.268090e+01,1.363380e+01,
474,794,1,1,394,25,935,13,857,78,207,89,597,22,5.593104e-05,5.563898e+01,4.064228e+04,1.984109e+07,6.546660e+01,3.198020e+01,
477,768,1,1,483,28,979,26,847,77,184,86,612,20,9.694509e-05,5.968338e+01,6.324455e+04,3.945998e+07,5.979900e+01,3.417090e+01,
337,863,1,1,507,12,938,18,873,63,179,93,660,22,2.228376e-05,5.868224e+01,1.678342e+04,1.047209e+07,5.909910e+01,1.615870e+01,
467,813,1,1,434,15,975,18,884,69,162,93,682,23,4.814366e-05,6.092295e+01,2.611746e+04,1.984109e+07,6.210270e+01,2.283050e+01,
380,861,1,1,459,11,934,17,834,59,210,89,605,20,2.214805e-05,6.040233e+01,1.078512e+04,1.047209e+07,6.055160e+01,1.639590e+01,
379,784,1,1,435,30,978,15,872,78,210,90,638,25,6.886425e-05,5.648033e+01,4.064228e+04,2.535804e+07,6.583420e+01,4.102900e+01,
321,859,1,1,384,15,909,23,884,66,169,88,663,25,2.871731e-05,5.410472e+01,4.064228e+04,1.275042e+07,5.535130e+01,1.528720e+01,
472,771,1,1,508,25,934,25,872,78,206,88,576,24,1.059609e-04,6.193931e+01,4.064228e+04,3.945998e+07,6.479970e+01,4.703910e+01,
385,794,1,1,504,30,964,23,875,78,184,91,638,26,7.612214e-05,6.159975e+01,4.064228e+04,3.087499e+07,6.171770e+01,3.229070e+01,
379,861,1,1,459,11,933,16,879,59,210,92,605,20,2.173279e-05,6.049136e+01,1.078512e+04,8.193759e+06,6.107250e+01,1.714590e+01,
379,760,1,1,454,14,984,19,832,66,210,87,605,20,9.288386e-05,6.086174e+01,4.064228e+04,3.087499e+07,6.830000e+01,4.529410e+01,
379,811,1,1,441,30,978,24,872,73,215,89,638,25,6.006770e-05,6.157877e+01,2.611746e+04,2.535804e+07,5.833610e+01,2.290820e+01,
379,807,1,1,451,20,894,18,921,70,185,92,607,20,5.345489e-05,6.080888e+01,2.611746e+04,1.984109e+07,5.966060e+01,2.261270e+01,
379,794,1,1,449,20,976,15,885,70,210,96,604,23,6.125957e-05,5.851424e+01,4.064228e+04,1.984109e+07,6.644110e+01,3.354540e+01,
325,796,1,1,441,15,924,18,916,70,217,89,604,20,6.081868e-05,6.088507e+01,2.611746e+04,2.535804e+07,6.248670e+01,2.636800e+01,
378,832,1,1,441,19,971,16,883,66,216,87,617,19,3.257498e-05,6.026661e+01,1.678342e+04,1.275042e+07,5.942180e+01,1.874770e+01,
384,794,1,1,441,15,926,17,916,69,210,87,604,20,6.058105e-05,6.094113e+01,2.611746e+04,2.535804e+07,6.336260e+01,2.743950e+01,
379,876,1,1,437,22,908,24,872,80,171,89,637,22,2.033649e-05,5.729555e+01,1.678342e+04,1.047209e+07,4.819260e+01,1.202630e+01,
321,792,1,1,382,29,978,15,884,66,170,90,663,25,6.340918e-05,5.937730e+01,4.064228e+04,2.535804e+07,6.570250e+01,3.375100e+01,
442,864,1,1,480,14,940,24,875,77,172,88,603,26,2.774013e-05,6.021168e+01,1.678342e+04,1.275042e+07,5.749280e+01,1.708760e+01,
323,691,1,1,386,31,919,15,883,69,171,91,663,21,1.656062e-04,6.114290e+01,6.324455e+04,6.140420e+07,7.302820e+01,4.750450e+01,
479,770,1,1,483,28,980,26,875,77,184,90,613,29,1.152668e-04,6.184915e+01,4.064228e+04,3.945998e+07,6.710010e+01,4.918050e+01,
443,719,1,1,478,26,935,25,875,78,172,86,603,26,1.865775e-04,6.154314e+01,6.324455e+04,6.140420e+07,7.357840e+01,4.763170e+01,
479,770,1,1,483,28,997,26,875,77,184,84,613,26,1.072309e-04,6.200417e+01,4.064228e+04,3.945998e+07,6.514130e+01,4.844960e+01,
322,861,1,1,384,15,909,15,884,66,179,90,663,23,2.205061e-05,5.875605e+01,1.678342e+04,1.047209e+07,6.057530e+01,1.803860e+01,
474,810,1,1,502,26,986,25,875,76,207,91,603,23,6.052284e-05,6.201685e+01,2.611746e+04,2.535804e+07,5.805020e+01,2.241070e+01,
379,794,1,1,441,18,942,18,871,69,211,93,604,20,6.193418e-05,6.120005e+01,2.611746e+04,2.535804e+07,6.252980e+01,2.616770e+01,
379,858,1,1,452,30,979,24,898,74,196,90,679,25,2.819744e-05,6.117861e+01,1.678342e+04,1.275042e+07,5.196790e+01,1.478360e+01,
272,809,1,1,384,15,907,15,884,72,170,88,659,23,4.934969e-05,5.893392e+01,2.611746e+04,1.984109e+07,6.401960e+01,2.617000e+01,
322,861,1,1,384,15,909,15,884,66,169,90,662,23,2.213309e-05,5.893623e+01,1.678342e+04,1.047209e+07,6.057920e+01,1.800890e+01,
322,861,1,1,384,15,935,15,884,66,179,90,663,23,2.181894e-05,5.843948e+01,1.678342e+04,1.047209e+07,6.096730e+01,1.829530e+01,
254,861,1,1,384,14,909,13,876,69,171,88,663,23,2.084318e-05,5.619362e+01,1.678342e+04,8.193759e+06,6.275800e+01,1.969490e+01,
322,861,1,1,384,14,909,15,884,69,171,91,681,23,2.172331e-05,5.880637e+01,1.678342e+04,1.047209e+07,6.009060e+01,1.783760e+01,
377,813,1,1,482,15,975,18,884,70,237,89,602,28,5.642191e-05,5.682666e+01,4.064228e+04,1.984109e+07,6.721360e+01,3.200450e+01,
475,754,1,1,441,27,983,25,874,78,184,91,605,27,1.310302e-04,6.180657e+01,6.324455e+04,4.804498e+07,6.850190e+01,4.855630e+01,
437,793,1,1,485,19,979,26,875,77,233,92,633,26,8.057276e-05,6.155992e+01,4.064228e+04,3.087499e+07,6.254130e+01,3.187480e+01,
379,770,1,1,438,28,885,17,921,70,216,86,591,20,8.370405e-05,6.167285e+01,4.064228e+04,3.087499e+07,6.310460e+01,3.913310e+01,
322,823,1,1,384,14,909,15,884,69,171,89,663,23,4.038296e-05,5.925186e+01,2.611746e+04,1.629576e+07,6.318430e+01,2.296660e+01,
467,813,1,1,434,15,975,18,884,67,162,93,664,23,4.896776e-05,6.091311e+01,2.611746e+04,1.984109e+07,6.275280e+01,2.338580e+01,
379,795,1,1,441,15,977,18,884,69,163,98,605,19,5.924131e-05,5.842006e+01,4.064228e+04,2.535804e+07,6.273390e+01,1.905360e+01,
379,811,1,1,441,18,987,24,872,69,211,88,605,20,5.485833e-05,5.873318e+01,4.064228e+04,2.535804e+07,5.742900e+01,1.956300e+01,
367,793,1,1,521,26,935,17,875,74,207,91,603,19,5.931772e-05,6.136127e+01,2.611746e+04,2.535804e+07,6.061850e+01,2.417080e+01,
489,861,1,1,459,11,933,23,834,59,238,88,605,26,2.882024e-05,6.075825e+01,1.678342e+04,1.275042e+07,6.093170e+01,1.732680e+01,
498,794,1,1,483,26,983,25,871,58,184,91,605,20,7.018910e-05,3.945505e+01,3.708460e+05,2.535804e+07,5.839690e+01,2.146700e+01,
380,870,1,1,459,11,934,14,836,78,210,88,592,25,1.982657e-05,5.243520e+01,2.611746e+04,6.729644e+06,6.514930e+01,2.182480e+01,
479,770,1,1,483,28,983,23,875,77,188,86,613,26,1.019646e-04,6.149457e+01,4.064228e+04,3.945998e+07,6.588630e+01,4.908030e+01,
441,794,1,1,499,29,964,23,875,77,184,91,638,26,7.596861e-05,6.180269e+01,4.064228e+04,3.087499e+07,6.184730e+01,3.201710e+01,
479,770,1,1,483,28,983,26,877,77,191,86,599,26,1.092918e-04,6.201444e+01,4.064228e+04,3.945998e+07,6.537410e+01,4.836140e+01,
475,754,1,1,441,27,983,25,874,77,143,91,608,27,1.323540e-04,6.103832e+01,6.324455e+04,4.804498e+07,6.884980e+01,4.904920e+01,
384,871,1,1,441,14,957,19,886,66,210,88,530,20,2.044393e-05,5.940457e+01,1.078512e+04,8.193759e+06,5.869120e+01,1.645390e+01,
488,806,1,1,459,11,953,18,829,60,238,88,634,26,5.875740e-05,5.928976e+01,2.611746e+04,1.984109e+07,6.831540e+01,2.908100e+01,
225,823,1,1,360,14,909,15,884,65,171,89,663,23,4.079651e-05,5.909412e+01,2.611746e+04,1.629576e+07,6.358640e+01,2.290350e+01,
322,861,1,1,358,15,909,15,884,69,169,90,661,23,2.206637e-05,5.839563e+01,1.678342e+04,1.047209e+07,6.021790e+01,1.809380e+01,
322,861,1,1,509,25,884,15,874,69,211,91,681,26,2.337192e-05,5.743114e+01,1.678342e+04,1.047209e+07,6.050210e+01,1.943790e+01,
474,794,1,1,383,14,935,25,880,78,172,91,603,22,7.524818e-05,5.904913e+01,4.064228e+04,3.087499e+07,6.089100e+01,2.732550e+01,
384,806,1,1,441,14,957,18,882,78,207,88,606,20,5.146128e-05,5.993799e+01,2.611746e+04,1.984109e+07,6.170820e+01,2.419850e+01,
474,784,1,1,509,26,934,25,854,65,209,88,603,26,9.387936e-05,6.198035e+01,4.064228e+04,3.945998e+07,6.467610e+01,4.289290e+01,
322,767,1,1,483,13,909,14,884,69,171,89,663,26,8.693882e-05,5.827645e+01,4.064228e+04,2.535804e+07,7.144600e+01,5.246870e+01,
474,823,1,1,383,27,983,25,875,77,184,91,582,13,3.825888e-05,3.494444e+01,3.708460e+05,1.629576e+07,4.052140e+01,1.013170e+01,
489,861,1,1,458,15,935,23,834,59,238,88,605,25,2.822477e-05,6.126314e+01,1.678342e+04,1.275042e+07,5.876890e+01,1.626840e+01,
322,861,1,1,384,10,910,20,884,65,171,91,681,23,2.459100e-05,5.258825e+01,4.064228e+04,1.047209e+07,5.704750e+01,1.539340e+01,
322,861,1,1,388,28,985,15,884,66,169,88,658,26,2.319229e-05,5.680358e+01,1.678342e+04,1.047209e+07,6.200330e+01,1.990250e+01,
479,765,1,1,470,14,906,25,875,76,183,86,596,22,1.084885e-04,5.995517e+01,6.324455e+04,3.945998e+07,6.619020e+01,4.568220e+01,
322,861,1,1,439,15,935,16,884,70,180,90,664,23,2.225656e-05,5.880620e+01,1.678342e+04,1.047209e+07,5.987810e+01,1.786800e+01,
379,794,1,1,426,20,894,15,921,65,214,91,603,20,5.891135e-05,6.110726e+01,2.611746e+04,2.535804e+07,6.333810e+01,2.760420e+01,
494,754,1,1,458,27,983,17,904,77,199,88,605,26,1.065473e-04,5.729787e+01,6.324455e+04,3.087499e+07,6.945760e+01,5.183180e+01,
380,861,1,1,441,14,934,24,860,59,183,91,599,20,2.588811e-05,3.907410e+01,1.531474e+05,1.047209e+07,5.318450e+01,1.313770e+01,
322,861,1,1,384,14,909,15,880,69,180,89,662,23,2.194560e-05,5.809765e+01,1.678342e+04,1.047209e+07,6.060070e+01,1.823800e+01,
322,861,1,1,384,12,909,17,884,66,126,91,680,23,2.322970e-05,5.223071e+01,2.611746e+04,1.047209e+07,5.863850e+01,1.632080e+01,
322,861,1,1,384,13,935,15,884,66,179,90,660,23,2.186716e-05,5.830513e+01,1.678342e+04,8.193759e+06,6.151190e+01,1.855010e+01,
322,861,1,1,384,14,908,15,884,68,171,89,683,25,2.276280e-05,5.794402e+01,1.678342e+04,1.047209e+07,6.159490e+01,1.902930e+01,
366,793,1,1,452,30,978,24,871,75,182,89,587,25,8.002793e-05,6.135867e+01,4.064228e+04,3.087499e+07,6.245910e+01,3.523020e+01,
483,780,1,1,502,26,933,26,854,61,210,88,603,22,9.180771e-05,4.773290e+01,2.383152e+05,3.945998e+07,6.156490e+01,3.140460e+01,
474,794,1,1,509,25,984,25,875,77,206,88,603,26,7.958535e-05,6.157059e+01,4.064228e+04,3.087499e+07,6.279870e+01,3.461760e+01,
479,770,1,1,483,28,933,29,876,77,186,86,599,26,1.181538e-04,6.163105e+01,6.324455e+04,4.804498e+07,6.424970e+01,4.708600e+01,
479,770,1,1,483,28,983,26,877,77,184,86,613,26,1.082366e-04,6.206225e+01,4.064228e+04,3.945998e+07,6.500370e+01,4.810570e+01,
479,770,1,1,483,28,983,26,874,77,191,86,599,26,1.092593e-04,6.200031e+01,4.064228e+04,3.945998e+07,6.541440e+01,4.836380e+01,
474,794,1,1,497,31,983,24,875,78,184,91,603,19,6.688308e-05,5.913507e+01,4.064228e+04,3.087499e+07,5.526100e+01,2.108770e+01,
478,770,1,1,476,28,983,26,875,77,184,85,613,26,1.080899e-04,6.203508e+01,4.064228e+04,3.945998e+07,6.499060e+01,4.813700e+01,
465,813,1,1,446,10,976,17,884,59,162,79,682,23,4.687109e-05,6.065229e+01,1.678342e+04,1.629576e+07,6.553960e+01,2.384050e+01,
447,861,1,1,459,15,931,23,834,68,238,77,605,26,2.816845e-05,5.868529e+01,1.678342e+04,1.275042e+07,5.878750e+01,1.712400e+01,
380,861,1,1,459,11,890,13,834,59,177,89,594,20,2.057150e-05,5.834265e+01,1.078512e+04,8.193759e+06,6.412610e+01,1.865490e+01,
489,861,1,1,459,11,933,23,834,59,238,88,605,23,2.699881e-05,6.109946e+01,1.678342e+04,1.275042e+07,5.840000e+01,1.555740e+01,
476,756,1,1,483,28,915,26,887,76,183,84,601,26,1.322398e-04,6.199886e+01,6.324455e+04,4.804498e+07,6.708310e+01,4.861750e+01,
324,857,1,1,384,15,994,15,884,66,164,89,663,23,2.292863e-05,5.813160e+01,1.678342e+04,1.047209e+07,6.200910e+01,1.920230e+01,
314,861,1,1,384,15,909,14,884,63,109,92,662,23,2.219494e-05,5.338829e+01,2.611746e+04,8.193759e+06,6.148320e+01,1.792330e+01,
530,813,1,1,434,15,996,18,884,66,162,93,682,23,4.772007e-05,6.113749e+01,2.611746e+04,1.984109e+07,6.254850e+01,2.276600e+01,
